1.000000,0.745538,0.543703,0.525236,0.528114,0.470638,0.411831
0.000000,1.000000,0.746565,0.546840,0.527291,0.529189,0.474356
0.000000,0.000000,1.000000,0.748626,0.549354,0.528878,0.532446
0.000000,0.000000,0.000000,1.000000,0.750834,0.552650,0.533181
0.000000,0.000000,0.000000,0.000000,1.000000,0.752011,0.556197
0.000000,0.000000,0.000000,0.000000,0.000000,1.000000,0.753671
0.000000,0.000000,0.000000,0.000000,0.000000,0.000000,1.000000
1.000000,0.446957,0.202455,0.217325,0.208514,0.000000,0.000000
0.000000,1.000000,0.455430,0.207726,0.225836,0.218460,0.000000
0.000000,0.000000,1.000000,0.462067,0.212555,0.234614,0.222281
0.000000,0.000000,0.000000,1.000000,0.468695,0.221260,0.243221
0.000000,0.000000,0.000000,0.000000,1.000000,0.475524,0.224076
0.000000,0.000000,0.000000,0.000000,0.000000,1.000000,0.480301
-0.076380,0.000000,0.000000,0.000000,0.000000,0.000000,1.000000
1.000000,0.668455,0.543234,0.598898,0.580021,0.516023,0.439646
0.000000,1.000000,0.668779,0.543919,0.599301,0.581036,0.516709
0.000000,0.000000,1.000000,0.669297,0.544359,0.600252,0.581317
0.000000,0.000000,0.000000,1.000000,0.669906,0.545724,0.600866
0.000000,0.000000,0.000000,0.000000,1.000000,0.670819,0.546284
0.000000,0.000000,0.000000,0.000000,0.000000,1.000000,0.671704
0.000000,0.000000,0.000000,0.000000,0.000000,0.000000,1.000000
1.000000,0.520167,0.144971,0.164903,0.275242,0.213207,0.089522
0.000000,1.000000,0.531868,0.160380,0.181974,0.286382,0.230082
0.000000,0.000000,1.000000,0.542024,0.174765,0.198315,0.299532
0.000000,0.000000,0.000000,1.000000,0.552106,0.191550,0.210778
0.000000,0.000000,0.000000,0.000000,1.000000,0.562879,0.206684
0.000000,0.000000,0.000000,0.000000,0.000000,1.000000,0.578352
0.000000,0.000000,0.000000,0.000000,0.000000,0.000000,1.000000
1.000000,0.522241,0.307276,0.427231,0.456758,0.350471,0.229192
0.000000,1.000000,0.532838,0.316462,0.434997,0.466977,0.359599
0.000000,0.000000,1.000000,0.544924,0.331093,0.444859,0.478555
0.000000,0.000000,0.000000,1.000000,0.551488,0.342525,0.451857
0.000000,0.000000,0.000000,0.000000,1.000000,0.561690,0.350347
0.000000,0.000000,0.000000,0.000000,0.000000,1.000000,0.570594
0.000000,0.000000,0.000000,0.000000,0.000000,0.000000,1.000000
1.000000,0.532982,0.277454,0.274483,0.263719,0.187541,0.000000
0.000000,1.000000,0.541373,0.287467,0.284574,0.272840,0.197092
0.000000,0.000000,1.000000,0.550438,0.299113,0.296067,0.284469
0.000000,0.000000,0.000000,1.000000,0.554407,0.302942,0.298806
0.000000,0.000000,0.000000,0.000000,1.000000,0.557770,0.307642
0.000000,0.000000,0.000000,0.000000,0.000000,1.000000,0.559187
0.000000,0.000000,0.000000,0.000000,0.000000,0.000000,1.000000
1.000000,0.541379,0.301596,0.377773,0.265520,0.126793,0.179863
0.000000,1.000000,0.542039,0.302418,0.378763,0.267159,0.124184
0.000000,0.000000,1.000000,0.544383,0.306085,0.379976,0.266040
0.000000,0.000000,0.000000,1.000000,0.548439,0.309039,0.379406
0.000000,0.000000,0.000000,0.000000,1.000000,0.551971,0.310146
0.000000,0.000000,0.000000,0.000000,0.000000,1.000000,0.552801
0.000000,0.000000,0.000000,0.000000,0.000000,0.000000,1.000000
1.000000,0.553037,0.425107,0.554695,0.491713,0.491761,0.490799
0.000000,1.000000,0.562425,0.440607,0.555826,0.497078,0.498784
0.000000,0.000000,1.000000,0.571556,0.454043,0.561627,0.504977
0.000000,0.000000,0.000000,1.000000,0.586342,0.468348,0.568651
0.000000,0.000000,0.000000,0.000000,1.000000,0.595504,0.478843
0.000000,0.000000,0.000000,0.000000,0.000000,1.000000,0.603164
0.000000,0.000000,0.000000,0.000000,0.000000,0.000000,1.000000
1.000000,0.829063,0.768653,0.787627,0.789531,0.754241,0.717114
0.000000,1.000000,0.833586,0.773209,0.788601,0.790624,0.755524
0.000000,0.000000,1.000000,0.835784,0.777605,0.796279,0.795709
0.000000,0.000000,0.000000,1.000000,0.838955,0.784217,0.801077
0.000000,0.000000,0.000000,0.000000,1.000000,0.838076,0.784197
0.000000,0.000000,0.000000,0.000000,0.000000,1.000000,0.839165
0.000000,0.000000,0.000000,0.000000,0.000000,0.000000,1.000000
1.000000,0.510260,0.181006,0.212166,0.222423,0.144631,0.069347
0.000000,1.000000,0.521588,0.195892,0.226708,0.238419,0.162620
0.000000,0.000000,1.000000,0.531215,0.211763,0.239147,0.248392
0.000000,0.000000,0.000000,1.000000,0.542449,0.227159,0.252728
0.000000,0.000000,0.000000,0.000000,1.000000,0.552114,0.244777
0.000000,0.000000,0.000000,0.000000,0.000000,1.000000,0.558883
0.000000,0.000000,0.000000,0.000000,0.000000,0.000000,1.000000
1.000000,0.785687,0.668720,0.666952,0.643814,0.635737,0.595397
0.000000,1.000000,0.790034,0.673471,0.674131,0.650197,0.640722
0.000000,0.000000,1.000000,0.793359,0.677781,0.678269,0.655072
0.000000,0.000000,0.000000,1.000000,0.797778,0.683343,0.682453
0.000000,0.000000,0.000000,0.000000,1.000000,0.800032,0.689267
0.000000,0.000000,0.000000,0.000000,0.000000,1.000000,0.804534
0.000000,0.000000,0.000000,0.000000,0.000000,0.000000,1.000000
1.000000,0.554064,0.218741,0.303788,0.360021,0.176237,0.120280
0.000000,1.000000,0.553388,0.219348,0.315651,0.361660,0.177393
0.000000,0.000000,1.000000,0.554644,0.232959,0.318321,0.363848
0.000000,0.000000,0.000000,1.000000,0.564137,0.237769,0.321188
0.000000,0.000000,0.000000,0.000000,1.000000,0.574853,0.249793
0.000000,0.000000,0.000000,0.000000,0.000000,1.000000,0.578480
0.000000,0.000000,0.000000,0.000000,0.000000,0.000000,1.000000
1.000000,0.718098,0.555095,0.612316,0.611671,0.549477,0.508006
0.000000,1.000000,0.718884,0.557182,0.613987,0.613860,0.553391
0.000000,0.000000,1.000000,0.719885,0.558524,0.615375,0.617107
0.000000,0.000000,0.000000,1.000000,0.721113,0.560651,0.618443
0.000000,0.000000,0.000000,0.000000,1.000000,0.722227,0.564132
0.000000,0.000000,0.000000,0.000000,0.000000,1.000000,0.724483
0.000000,0.000000,0.000000,0.000000,0.000000,0.000000,1.000000
1.000000,0.442366,0.125429,0.265236,0.334204,0.243091,0.183053
0.000000,1.000000,0.449405,0.137004,0.272903,0.342543,0.253959
0.000000,0.000000,1.000000,0.454751,0.141423,0.278557,0.349828
0.000000,0.000000,0.000000,1.000000,0.460630,0.151773,0.287412
0.000000,0.000000,0.000000,0.000000,1.000000,0.466311,0.162231
0.000000,0.000000,0.000000,0.000000,0.000000,1.000000,0.473959
0.000000,0.000000,0.000000,0.000000,0.000000,0.000000,1.000000
1.000000,0.817921,0.754949,0.793683,0.776910,0.799249,0.777112
0.000000,1.000000,0.823780,0.760665,0.795468,0.778842,0.800214
0.000000,0.000000,1.000000,0.829134,0.767199,0.801642,0.786722
0.000000,0.000000,0.000000,1.000000,0.833775,0.771422,0.807324
0.000000,0.000000,0.000000,0.000000,1.000000,0.835120,0.772846
0.000000,0.000000,0.000000,0.000000,0.000000,1.000000,0.836370
0.000000,0.000000,0.000000,0.000000,0.000000,0.000000,1.000000
1.000000,0.657764,0.428630,0.454578,0.498660,0.425221,0.301972
0.000000,1.000000,0.654824,0.424579,0.451627,0.496158,0.424483
0.000000,0.000000,1.000000,0.651572,0.420595,0.451048,0.495986
0.000000,0.000000,0.000000,1.000000,0.648073,0.420925,0.450447
0.000000,0.000000,0.000000,0.000000,1.000000,0.648481,0.421682
0.000000,0.000000,0.000000,0.000000,0.000000,1.000000,0.647990
0.000000,0.000000,0.000000,0.000000,0.000000,0.000000,1.000000
1.000000,0.420497,0.171524,0.336690,0.389386,0.256815,0.239106
0.000000,1.000000,0.426662,0.183294,0.341018,0.386985,0.254355
0.000000,0.000000,1.000000,0.425483,0.185222,0.341480,0.391871
0.000000,0.000000,0.000000,1.000000,0.426739,0.182207,0.348723
0.000000,0.000000,0.000000,0.000000,1.000000,0.425460,0.183738
0.000000,0.000000,0.000000,0.000000,0.000000,1.000000,0.422829
0.000000,0.000000,0.000000,0.000000,0.000000,0.000000,1.000000
1.000000,0.519795,0.262507,0.265314,0.300824,0.298682,0.241357
0.000000,1.000000,0.524120,0.268293,0.271381,0.306854,0.313554
0.000000,0.000000,1.000000,0.525015,0.270367,0.273738,0.322006
0.000000,0.000000,0.000000,1.000000,0.526198,0.272701,0.289381
0.000000,0.000000,0.000000,0.000000,1.000000,0.527901,0.288114
0.000000,0.000000,0.000000,0.000000,0.000000,1.000000,0.540742
0.000000,0.000000,0.000000,0.000000,0.000000,0.000000,1.000000
1.000000,0.715319,0.540714,0.618620,0.645332,0.514054,0.455857
0.000000,1.000000,0.720224,0.555720,0.629421,0.660946,0.531917
0.000000,0.000000,1.000000,0.730193,0.566231,0.642459,0.674070
0.000000,0.000000,0.000000,1.000000,0.734311,0.570553,0.645650
0.000000,0.000000,0.000000,0.000000,1.000000,0.738260,0.575897
0.000000,0.000000,0.000000,0.000000,0.000000,1.000000,0.739941
0.000000,0.000000,0.000000,0.000000,0.000000,0.000000,1.000000
1.000000,0.609730,0.359919,0.464102,0.526787,0.415148,0.366109
0.000000,1.000000,0.613204,0.364794,0.465020,0.527316,0.418157
0.000000,0.000000,1.000000,0.616890,0.369630,0.469189,0.531186
0.000000,0.000000,0.000000,1.000000,0.619710,0.374130,0.473842
0.000000,0.000000,0.000000,0.000000,1.000000,0.620517,0.377981
0.000000,0.000000,0.000000,0.000000,0.000000,1.000000,0.622764
0.000000,0.000000,0.000000,0.000000,0.000000,0.000000,1.000000
1.000000,0.666077,0.531476,0.632803,0.615973,0.565815,0.557065
0.000000,1.000000,0.673918,0.541690,0.639782,0.623276,0.573543
0.000000,0.000000,1.000000,0.681493,0.553390,0.650257,0.632424
0.000000,0.000000,0.000000,1.000000,0.693480,0.568592,0.663098
0.000000,0.000000,0.000000,0.000000,1.000000,0.695534,0.572875
0.000000,0.000000,0.000000,0.000000,0.000000,1.000000,0.697751
0.000000,0.000000,0.000000,0.000000,0.000000,0.000000,1.000000
1.000000,0.510233,0.237522,0.336444,0.372298,0.361067,0.290155
0.000000,1.000000,0.516041,0.249283,0.347020,0.389841,0.378934
0.000000,0.000000,1.000000,0.524229,0.261519,0.361922,0.405137
0.000000,0.000000,0.000000,1.000000,0.533482,0.275495,0.374361
0.000000,0.000000,0.000000,0.000000,1.000000,0.545997,0.290969
0.000000,0.000000,0.000000,0.000000,0.000000,1.000000,0.553259
0.000000,0.000000,0.000000,0.000000,0.000000,0.000000,1.000000
1.000000,0.728325,0.541020,0.498473,0.456374,0.439808,0.447920
0.000000,1.000000,0.725691,0.533517,0.483054,0.441897,0.429633
0.000000,0.000000,1.000000,0.719624,0.515020,0.466868,0.430771
0.000000,0.000000,0.000000,1.000000,0.710798,0.503902,0.456564
0.000000,0.000000,0.000000,0.000000,1.000000,0.707587,0.495257
0.000000,0.000000,0.000000,0.000000,0.000000,1.000000,0.702408
0.000000,0.000000,0.000000,0.000000,0.000000,0.000000,1.000000
1.000000,0.779288,0.662262,0.689634,0.704250,0.693463,0.675837
0.000000,1.000000,0.784683,0.668928,0.695571,0.710052,0.702444
0.000000,0.000000,1.000000,0.789962,0.676193,0.701908,0.716609
0.000000,0.000000,0.000000,1.000000,0.795367,0.682606,0.708694
0.000000,0.000000,0.000000,0.000000,1.000000,0.800505,0.689519
0.000000,0.000000,0.000000,0.000000,0.000000,1.000000,0.805736
0.000000,0.000000,0.000000,0.000000,0.000000,0.000000,1.000000
1.000000,0.503764,0.224438,0.272919,0.329970,0.288533,0.198407
0.000000,1.000000,0.504967,0.221297,0.279409,0.332588,0.292165
0.000000,0.000000,1.000000,0.500183,0.229998,0.282965,0.334697
0.000000,0.000000,0.000000,1.000000,0.504679,0.228713,0.279622
0.000000,0.000000,0.000000,0.000000,1.000000,0.512195,0.234343
0.000000,0.000000,0.000000,0.000000,0.000000,1.000000,0.517996
0.000000,0.000000,0.000000,0.000000,0.000000,0.000000,1.000000
1.000000,0.490953,0.212885,0.385318,0.479697,0.387550,0.243699
0.000000,1.000000,0.487933,0.203807,0.387017,0.490920,0.391975
0.000000,0.000000,1.000000,0.482551,0.192249,0.385035,0.493028
0.000000,0.000000,0.000000,1.000000,0.474504,0.185792,0.381460
0.000000,0.000000,0.000000,0.000000,1.000000,0.475447,0.186787
0.000000,0.000000,0.000000,0.000000,0.000000,1.000000,0.481478
0.000000,0.000000,0.000000,0.000000,0.000000,0.000000,1.000000
1.000000,0.657067,0.442560,0.471030,0.515538,0.456872,0.425957
0.000000,1.000000,0.663234,0.452578,0.482389,0.524999,0.467148
0.000000,0.000000,1.000000,0.670656,0.467191,0.493605,0.537279
0.000000,0.000000,0.000000,1.000000,0.678640,0.476924,0.504368
0.000000,0.000000,0.000000,0.000000,1.000000,0.684983,0.485982
0.000000,0.000000,0.000000,0.000000,0.000000,1.000000,0.690943
0.000000,0.000000,0.000000,0.000000,0.000000,0.000000,1.000000
1.000000,0.349066,0.000000,0.205789,0.388212,0.235159,0.138218
0.000000,1.000000,0.356710,0.000000,0.224902,0.397640,0.248364
-0.067670,0.000000,1.000000,0.371439,0.000000,0.238211,0.407743
0.000000,0.000000,0.000000,1.000000,0.382172,0.000000,0.251889
0.000000,0.000000,0.000000,0.000000,1.000000,0.394987,0.000000
0.000000,0.000000,0.000000,0.000000,0.000000,1.000000,0.406749
0.000000,0.000000,0.000000,0.000000,0.000000,0.000000,1.000000
1.000000,0.416739,0.121983,0.219168,0.324538,0.396310,0.379443
0.000000,1.000000,0.431750,0.135718,0.229299,0.345158,0.403705
0.000000,0.000000,1.000000,0.445740,0.152171,0.238797,0.340220
0.000000,0.000000,0.000000,1.000000,0.456979,0.169138,0.237339
0.000000,0.000000,0.000000,0.000000,1.000000,0.473586,0.175083
0.000000,0.000000,0.000000,0.000000,0.000000,1.000000,0.463569
0.000000,0.000000,0.000000,0.000000,0.000000,0.000000,1.000000
1.000000,0.575775,0.444829,0.576641,0.488691,0.407327,0.411820
0.000000,1.000000,0.582100,0.454448,0.580375,0.492793,0.412171
0.000000,0.000000,1.000000,0.589244,0.464558,0.586663,0.502634
0.000000,0.000000,0.000000,1.000000,0.600939,0.475848,0.599197
0.000000,0.000000,0.000000,0.000000,1.000000,0.603599,0.477054
0.000000,0.000000,0.000000,0.000000,0.000000,1.000000,0.605773
0.000000,0.000000,0.000000,0.000000,0.000000,0.000000,1.000000
1.000000,0.664821,0.496723,0.573795,0.516369,0.390444,0.377374
0.000000,1.000000,0.667697,0.500474,0.573724,0.505794,0.371741
0.000000,0.000000,1.000000,0.670964,0.502546,0.565203,0.489256
0.000000,0.000000,0.000000,1.000000,0.672476,0.493418,0.548497
0.000000,0.000000,0.000000,0.000000,1.000000,0.663421,0.474708
0.000000,0.000000,0.000000,0.000000,0.000000,1.000000,0.653565
0.000000,0.000000,0.000000,0.000000,0.000000,0.000000,1.000000
1.000000,0.376538,0.000000,0.000000,0.120071,0.121979,0.000000
0.000000,1.000000,0.386550,0.000000,0.000000,0.123521,0.134662
-0.059068,0.000000,1.000000,0.404467,0.000000,0.000000,0.133928
0.000000,0.000000,0.000000,1.000000,0.420459,0.000000,0.000000
0.000000,0.000000,0.000000,0.000000,1.000000,0.430993,0.000000
0.000000,0.000000,0.000000,0.000000,0.000000,1.000000,0.437826
-0.078770,0.000000,0.000000,0.000000,0.000000,0.000000,1.000000
1.000000,0.390312,0.135386,0.341242,0.341893,0.172170,0.085713
0.000000,1.000000,0.396989,0.144212,0.349380,0.351875,0.181373
0.000000,0.000000,1.000000,0.400765,0.152107,0.359617,0.356219
0.000000,0.000000,0.000000,1.000000,0.405712,0.164112,0.364622
0.000000,0.000000,0.000000,0.000000,1.000000,0.414727,0.171974
0.000000,0.000000,0.000000,0.000000,0.000000,1.000000,0.423997
0.000000,0.000000,0.000000,0.000000,0.000000,0.000000,1.000000
1.000000,0.528519,0.312187,0.306431,0.320697,0.270959,0.192035
0.000000,1.000000,0.539992,0.327263,0.323659,0.340479,0.285989
0.000000,0.000000,1.000000,0.548087,0.338852,0.335256,0.352329
0.000000,0.000000,0.000000,1.000000,0.555939,0.350119,0.347037
0.000000,0.000000,0.000000,0.000000,1.000000,0.563077,0.362113
0.000000,0.000000,0.000000,0.000000,0.000000,1.000000,0.571999
0.000000,0.000000,0.000000,0.000000,0.000000,0.000000,1.000000
1.000000,0.367001,0.075563,0.190790,0.065132,0.000000,0.000000
0.000000,1.000000,0.369970,0.086183,0.197383,0.071928,0.000000
0.000000,0.000000,1.000000,0.374973,0.089183,0.199225,0.076153
0.000000,0.000000,0.000000,1.000000,0.382402,0.098890,0.208414
0.000000,0.000000,0.000000,0.000000,1.000000,0.386511,0.106646
0.000000,0.000000,0.000000,0.000000,0.000000,1.000000,0.390875
-0.082695,0.000000,0.000000,0.000000,0.000000,0.000000,1.000000
1.000000,0.432465,0.131381,0.225532,0.285688,0.223370,0.118149
0.000000,1.000000,0.442030,0.142883,0.238393,0.296220,0.233252
0.000000,0.000000,1.000000,0.447976,0.153475,0.247438,0.303050
0.000000,0.000000,0.000000,1.000000,0.451479,0.158213,0.249202
0.000000,0.000000,0.000000,0.000000,1.000000,0.456317,0.164033
0.000000,0.000000,0.000000,0.000000,0.000000,1.000000,0.459478
0.000000,0.000000,0.000000,0.000000,0.000000,0.000000,1.000000
1.000000,0.594511,0.352071,0.420302,0.377257,0.221331,0.204392
0.000000,1.000000,0.593742,0.351676,0.420460,0.377473,0.221592
0.000000,0.000000,1.000000,0.593333,0.351073,0.419694,0.377050
0.000000,0.000000,0.000000,1.000000,0.593188,0.350939,0.419558
0.000000,0.000000,0.000000,0.000000,1.000000,0.593472,0.351372
0.000000,0.000000,0.000000,0.000000,0.000000,1.000000,0.593776
0.000000,0.000000,0.000000,0.000000,0.000000,0.000000,1.000000
1.000000,0.272358,0.000000,0.180298,0.378488,0.124655,0.000000
0.000000,1.000000,0.289801,0.000000,0.193821,0.389674,0.140915
-0.156090,0.000000,1.000000,0.308383,0.000000,0.207339,0.398380
0.000000,-0.137453,0.000000,1.000000,0.320968,0.000000,0.228114
0.000000,0.000000,-0.116577,0.000000,1.000000,0.334185,0.000000
0.000000,0.000000,0.000000,-0.093231,0.000000,1.000000,0.343077
0.000000,0.000000,0.000000,0.000000,-0.072733,0.000000,1.000000
1.000000,0.680615,0.478375,0.580347,0.666665,0.575792,0.481596
0.000000,1.000000,0.689111,0.496918,0.595106,0.669873,0.588936
0.000000,0.000000,1.000000,0.697647,0.509396,0.605183,0.675828
0.000000,0.000000,0.000000,1.000000,0.703217,0.528329,0.612132
0.000000,0.000000,0.000000,0.000000,1.000000,0.716445,0.538225
0.000000,0.000000,0.000000,0.000000,0.000000,1.000000,0.728858
0.000000,0.000000,0.000000,0.000000,0.000000,0.000000,1.000000
1.000000,0.513602,0.241338,0.223473,0.254823,0.211587,0.285632
0.000000,1.000000,0.537972,0.259217,0.240927,0.281920,0.238313
0.000000,0.000000,1.000000,0.548135,0.267819,0.243507,0.285677
0.000000,0.000000,0.000000,1.000000,0.559473,0.280199,0.255268
0.000000,0.000000,0.000000,0.000000,1.000000,0.566000,0.289591
0.000000,0.000000,0.000000,0.000000,0.000000,1.000000,0.567134
0.000000,0.000000,0.000000,0.000000,0.000000,0.000000,1.000000
1.000000,0.632793,0.524467,0.632249,0.562035,0.525143,0.486718
0.000000,1.000000,0.642967,0.533540,0.642020,0.569971,0.533952
0.000000,0.000000,1.000000,0.647436,0.536808,0.646078,0.574080
0.000000,0.000000,0.000000,1.000000,0.652213,0.542549,0.649833
0.000000,0.000000,0.000000,0.000000,1.000000,0.656151,0.547237
0.000000,0.000000,0.000000,0.000000,0.000000,1.000000,0.660277
0.000000,0.000000,0.000000,0.000000,0.000000,0.000000,1.000000
1.000000,0.462855,0.083424,0.175758,0.335836,0.255071,0.152603
0.000000,1.000000,0.465039,0.083895,0.179931,0.346403,0.265853
0.000000,0.000000,1.000000,0.466677,0.084229,0.182304,0.348686
0.000000,0.000000,0.000000,1.000000,0.468849,0.087613,0.185218
0.000000,0.000000,0.000000,0.000000,1.000000,0.470203,0.087206
0.000000,0.000000,0.000000,0.000000,0.000000,1.000000,0.465616
0.000000,0.000000,0.000000,0.000000,0.000000,0.000000,1.000000
1.000000,0.561533,0.351997,0.554113,0.598783,0.460452,0.453576
0.000000,1.000000,0.561571,0.354825,0.553694,0.596748,0.459746
0.000000,0.000000,1.000000,0.562531,0.354568,0.550914,0.594177
0.000000,0.000000,0.000000,1.000000,0.562697,0.354450,0.548238
0.000000,0.000000,0.000000,0.000000,1.000000,0.562358,0.354193
0.000000,0.000000,0.000000,0.000000,0.000000,1.000000,0.560129
0.000000,0.000000,0.000000,0.000000,0.000000,0.000000,1.000000
1.000000,0.678432,0.519882,0.635636,0.602623,0.501548,0.537527
0.000000,1.000000,0.681244,0.529423,0.655249,0.613795,0.517022
0.000000,0.000000,1.000000,0.687228,0.545096,0.664190,0.624462
0.000000,0.000000,0.000000,1.000000,0.696728,0.554154,0.671272
0.000000,0.000000,0.000000,0.000000,1.000000,0.704447,0.562101
0.000000,0.000000,0.000000,0.000000,0.000000,1.000000,0.711937
0.000000,0.000000,0.000000,0.000000,0.000000,0.000000,1.000000
1.000000,0.263140,0.000000,0.073430,0.000000,0.000000,0.000000
0.000000,1.000000,0.261028,0.000000,0.071656,0.000000,0.000000
-0.062873,0.000000,1.000000,0.262487,0.000000,0.068437,0.000000
0.000000,0.000000,0.000000,1.000000,0.265826,0.000000,0.073187
0.000000,0.000000,0.000000,0.000000,1.000000,0.261110,0.000000
0.000000,0.000000,0.000000,0.000000,0.000000,1.000000,0.262816
0.000000,0.000000,0.000000,0.000000,0.000000,0.000000,1.000000
1.000000,0.429081,0.000000,0.000000,0.000000,0.000000,0.000000
0.000000,1.000000,0.444304,0.000000,0.000000,0.058331,0.058460
0.000000,0.000000,1.000000,0.456377,0.066714,0.000000,0.075178
0.000000,0.000000,0.000000,1.000000,0.470069,0.086251,0.000000
0.000000,0.000000,0.000000,0.000000,1.000000,0.473681,0.102356
0.000000,0.000000,0.000000,0.000000,0.000000,1.000000,0.484143
0.000000,0.000000,0.000000,0.000000,0.000000,0.000000,1.000000
1.000000,0.318214,0.066416,0.277307,0.266548,0.132149,0.000000
0.000000,1.000000,0.327220,0.086989,0.288370,0.276220,0.147091
0.000000,0.000000,1.000000,0.345246,0.104449,0.295738,0.287366
0.000000,0.000000,0.000000,1.000000,0.353635,0.121588,0.307620
0.000000,0.000000,0.000000,0.000000,1.000000,0.366235,0.134539
0.000000,0.000000,0.000000,0.000000,0.000000,1.000000,0.376066
0.000000,0.000000,0.000000,0.000000,0.000000,0.000000,1.000000
1.000000,0.414143,0.000000,0.211444,0.245593,0.070731,0.000000
0.000000,1.000000,0.420467,0.000000,0.224737,0.257899,0.085091
0.000000,0.000000,1.000000,0.428770,0.000000,0.237759,0.270925
0.000000,0.000000,0.000000,1.000000,0.439365,0.070793,0.249659
0.000000,0.000000,0.000000,0.000000,1.000000,0.449829,0.088007
0.000000,0.000000,0.000000,0.000000,0.000000,1.000000,0.460677
0.000000,0.000000,0.000000,0.000000,0.000000,0.000000,1.000000
1.000000,0.416294,0.211632,0.245620,0.191931,0.190032,0.190436
0.000000,1.000000,0.413895,0.209200,0.242731,0.185634,0.186415
0.000000,0.000000,1.000000,0.411935,0.205111,0.237184,0.182015
0.000000,0.000000,0.000000,1.000000,0.409012,0.203714,0.237706
0.000000,0.000000,0.000000,0.000000,1.000000,0.401271,0.199250
0.000000,0.000000,0.000000,0.000000,0.000000,1.000000,0.408043
0.000000,0.000000,0.000000,0.000000,0.000000,0.000000,1.000000
1.000000,0.611266,0.426713,0.554550,0.514970,0.442054,0.531595
0.000000,1.000000,0.613846,0.427858,0.556344,0.517585,0.444799
0.000000,0.000000,1.000000,0.615343,0.430795,0.559049,0.519855
0.000000,0.000000,0.000000,1.000000,0.615470,0.432039,0.560843
0.000000,0.000000,0.000000,0.000000,1.000000,0.616819,0.434845
0.000000,0.000000,0.000000,0.000000,0.000000,1.000000,0.619020
0.000000,0.000000,0.000000,0.000000,0.000000,0.000000,1.000000
1.000000,0.461804,0.099477,0.202608,0.328129,0.228109,0.000000
0.000000,1.000000,0.471615,0.117804,0.220203,0.341495,0.240835
0.000000,0.000000,1.000000,0.484884,0.138208,0.236500,0.352690
0.000000,0.000000,0.000000,1.000000,0.491811,0.152658,0.254614
0.000000,0.000000,0.000000,0.000000,1.000000,0.499532,0.173668
0.000000,0.000000,0.000000,0.000000,0.000000,1.000000,0.512185
0.000000,0.000000,0.000000,0.000000,0.000000,0.000000,1.000000
1.000000,0.579849,0.322634,0.412307,0.417208,0.315135,0.254886
0.000000,1.000000,0.577557,0.317457,0.410500,0.420175,0.314933
0.000000,0.000000,1.000000,0.571080,0.315034,0.413903,0.416687
0.000000,0.000000,0.000000,1.000000,0.570963,0.320451,0.413164
0.000000,0.000000,0.000000,0.000000,1.000000,0.574237,0.325077
0.000000,0.000000,0.000000,0.000000,0.000000,1.000000,0.577668
0.000000,0.000000,0.000000,0.000000,0.000000,0.000000,1.000000
1.000000,0.772052,0.657959,0.688286,0.650419,0.619491,0.622765
0.000000,1.000000,0.776111,0.662617,0.690201,0.653567,0.624533
0.000000,0.000000,1.000000,0.781085,0.666781,0.692080,0.659041
0.000000,0.000000,0.000000,1.000000,0.782301,0.673929,0.697074
0.000000,0.000000,0.000000,0.000000,1.000000,0.787787,0.678573
0.000000,0.000000,0.000000,0.000000,0.000000,1.000000,0.789997
0.000000,0.000000,0.000000,0.000000,0.000000,0.000000,1.000000
1.000000,0.494387,0.197441,0.239334,0.282280,0.291179,0.175908
0.000000,1.000000,0.499188,0.204591,0.251759,0.294321,0.295820
0.000000,0.000000,1.000000,0.504159,0.216241,0.264305,0.300815
0.000000,0.000000,0.000000,1.000000,0.510747,0.226140,0.270716
0.000000,0.000000,0.000000,0.000000,1.000000,0.518200,0.236917
0.000000,0.000000,0.000000,0.000000,0.000000,1.000000,0.526519
0.000000,0.000000,0.000000,0.000000,0.000000,0.000000,1.000000
1.000000,0.456428,0.103773,0.209569,0.330110,0.212117,0.078330
0.000000,1.000000,0.468008,0.122102,0.222116,0.341175,0.223827
0.000000,0.000000,1.000000,0.478207,0.139229,0.236296,0.354181
0.000000,0.000000,0.000000,1.000000,0.490454,0.155958,0.252200
0.000000,0.000000,0.000000,0.000000,1.000000,0.499876,0.169671
0.000000,0.000000,0.000000,0.000000,0.000000,1.000000,0.509009
0.000000,0.000000,0.000000,0.000000,0.000000,0.000000,1.000000
1.000000,0.880622,0.820062,0.832565,0.798150,0.762940,0.733683
0.000000,1.000000,0.881301,0.821653,0.834328,0.800493,0.765195
0.000000,0.000000,1.000000,0.882227,0.823543,0.836674,0.802704
0.000000,0.000000,0.000000,1.000000,0.883173,0.826227,0.838732
0.000000,0.000000,0.000000,0.000000,1.000000,0.885008,0.828573
0.000000,0.000000,0.000000,0.000000,0.000000,1.000000,0.887201
0.000000,0.000000,0.000000,0.000000,0.000000,0.000000,1.000000
1.000000,0.442123,0.114222,0.162244,0.243272,0.225542,0.058024
0.000000,1.000000,0.451335,0.125223,0.168764,0.253665,0.242585
0.000000,0.000000,1.000000,0.460139,0.138121,0.182186,0.267279
0.000000,0.000000,0.000000,1.000000,0.465672,0.152064,0.198804
0.000000,0.000000,0.000000,0.000000,1.000000,0.474095,0.172814
0.000000,0.000000,0.000000,0.000000,0.000000,1.000000,0.486965
0.000000,0.000000,0.000000,0.000000,0.000000,0.000000,1.000000
1.000000,0.642030,0.443925,0.493300,0.467944,0.397134,0.334790
0.000000,1.000000,0.651063,0.453778,0.502569,0.477888,0.409436
0.000000,0.000000,1.000000,0.659985,0.464232,0.512353,0.485963
0.000000,0.000000,0.000000,1.000000,0.666843,0.476683,0.525629
0.000000,0.000000,0.000000,0.000000,1.000000,0.674707,0.487813
0.000000,0.000000,0.000000,0.000000,0.000000,1.000000,0.680216
0.000000,0.000000,0.000000,0.000000,0.000000,0.000000,1.000000
1.000000,0.307693,0.000000,0.144332,0.330532,0.128011,0.000000
0.000000,1.000000,0.318270,0.000000,0.153326,0.341677,0.137333
-0.086124,0.000000,1.000000,0.330149,0.000000,0.166103,0.350276
0.000000,-0.069228,0.000000,1.000000,0.341688,0.000000,0.179346
0.000000,0.000000,0.000000,0.000000,1.000000,0.352520,0.000000
0.000000,0.000000,0.000000,0.000000,0.000000,1.000000,0.362874
-0.182674,0.000000,0.000000,0.000000,0.000000,0.000000,1.000000
1.000000,0.609081,0.439011,0.471210,0.449970,0.430457,0.359154
0.000000,1.000000,0.616719,0.448135,0.479870,0.460313,0.439654
0.000000,0.000000,1.000000,0.623481,0.456745,0.488133,0.469899
0.000000,0.000000,0.000000,1.000000,0.630023,0.465168,0.496016
0.000000,0.000000,0.000000,0.000000,1.000000,0.635617,0.475009
0.000000,0.000000,0.000000,0.000000,0.000000,1.000000,0.643790
0.000000,0.000000,0.000000,0.000000,0.000000,0.000000,1.000000
1.000000,0.645663,0.437824,0.452393,0.416492,0.484586,0.507715
0.000000,1.000000,0.639910,0.426418,0.439632,0.410093,0.477039
0.000000,0.000000,1.000000,0.630642,0.413896,0.432731,0.399572
0.000000,0.000000,0.000000,1.000000,0.626235,0.402558,0.422805
0.000000,0.000000,0.000000,0.000000,1.000000,0.616453,0.391010
0.000000,0.000000,0.000000,0.000000,0.000000,1.000000,0.611583
0.000000,0.000000,0.000000,0.000000,0.000000,0.000000,1.000000
1.000000,0.340177,0.000000,0.122759,0.355151,0.273602,0.000000
0.000000,1.000000,0.325786,0.000000,0.113746,0.346376,0.263509
0.000000,0.000000,1.000000,0.319088,0.000000,0.113014,0.341883
0.000000,0.000000,0.000000,1.000000,0.311983,0.000000,0.107365
0.000000,0.000000,0.000000,0.000000,1.000000,0.307562,0.000000
0.000000,0.000000,0.000000,0.000000,0.000000,1.000000,0.308882
0.000000,0.000000,0.000000,0.000000,0.000000,0.000000,1.000000
1.000000,0.512418,0.264384,0.300673,0.287847,0.214736,0.231091
0.000000,1.000000,0.529217,0.278873,0.312637,0.302602,0.234616
0.000000,0.000000,1.000000,0.538370,0.296040,0.324096,0.312696
0.000000,0.000000,0.000000,1.000000,0.548248,0.309336,0.336167
0.000000,0.000000,0.000000,0.000000,1.000000,0.562812,0.324669
0.000000,0.000000,0.000000,0.000000,0.000000,1.000000,0.571904
0.000000,0.000000,0.000000,0.000000,0.000000,0.000000,1.000000
1.000000,0.627741,0.402159,0.453140,0.425895,0.342114,0.416505
0.000000,1.000000,0.623787,0.394770,0.444844,0.416049,0.332520
0.000000,0.000000,1.000000,0.619922,0.385816,0.434031,0.403863
0.000000,0.000000,0.000000,1.000000,0.614298,0.376070,0.424612
0.000000,0.000000,0.000000,0.000000,1.000000,0.608709,0.368187
0.000000,0.000000,0.000000,0.000000,0.000000,1.000000,0.604691
0.000000,0.000000,0.000000,0.000000,0.000000,0.000000,1.000000
1.000000,0.653118,0.469302,0.520474,0.576188,0.544383,0.452686
0.000000,1.000000,0.652524,0.467953,0.519650,0.577866,0.546684
0.000000,0.000000,1.000000,0.649916,0.463926,0.518296,0.578549
0.000000,0.000000,0.000000,1.000000,0.647792,0.461940,0.519547
0.000000,0.000000,0.000000,0.000000,1.000000,0.646921,0.462058
0.000000,0.000000,0.000000,0.000000,0.000000,1.000000,0.650166
0.000000,0.000000,0.000000,0.000000,0.000000,0.000000,1.000000
1.000000,0.613755,0.398277,0.513587,0.563715,0.527935,0.429016
0.000000,1.000000,0.622073,0.410921,0.523702,0.573583,0.537969
0.000000,0.000000,1.000000,0.630418,0.422630,0.533530,0.583228
0.000000,0.000000,0.000000,1.000000,0.638539,0.434309,0.543103
0.000000,0.000000,0.000000,0.000000,1.000000,0.642611,0.440522
0.000000,0.000000,0.000000,0.000000,0.000000,1.000000,0.646276
0.000000,0.000000,0.000000,0.000000,0.000000,0.000000,1.000000
1.000000,0.645667,0.454154,0.611598,0.648103,0.513435,0.450808
0.000000,1.000000,0.648935,0.458732,0.614602,0.651381,0.517473
0.000000,0.000000,1.000000,0.650638,0.462452,0.617155,0.652968
0.000000,0.000000,0.000000,1.000000,0.652455,0.466357,0.618390
0.000000,0.000000,0.000000,0.000000,1.000000,0.655923,0.469617
0.000000,0.000000,0.000000,0.000000,0.000000,1.000000,0.658432
0.000000,0.000000,0.000000,0.000000,0.000000,0.000000,1.000000
1.000000,0.741702,0.588526,0.608902,0.659337,0.669103,0.592823
0.000000,1.000000,0.749034,0.597697,0.612204,0.659999,0.671875
0.000000,0.000000,1.000000,0.754180,0.604825,0.619507,0.668880
0.000000,0.000000,0.000000,1.000000,0.760614,0.612013,0.628847
0.000000,0.000000,0.000000,0.000000,1.000000,0.759187,0.613798
0.000000,0.000000,0.000000,0.000000,0.000000,1.000000,0.758094
0.000000,0.000000,0.000000,0.000000,0.000000,0.000000,1.000000
1.000000,0.503072,0.258480,0.316088,0.323307,0.232598,0.194018
0.000000,1.000000,0.511201,0.276656,0.334312,0.335859,0.240710
0.000000,0.000000,1.000000,0.510485,0.275340,0.340478,0.352749
0.000000,0.000000,0.000000,1.000000,0.515786,0.288731,0.364132
0.000000,0.000000,0.000000,0.000000,1.000000,0.527917,0.314794
0.000000,0.000000,0.000000,0.000000,0.000000,1.000000,0.539087
0.000000,0.000000,0.000000,0.000000,0.000000,0.000000,1.000000
1.000000,0.499566,0.266739,0.301101,0.308170,0.234790,0.179041
0.000000,1.000000,0.502062,0.269905,0.308249,0.313028,0.239448
0.000000,0.000000,1.000000,0.504552,0.277613,0.314969,0.317879
0.000000,0.000000,0.000000,1.000000,0.509443,0.284271,0.320328
0.000000,0.000000,0.000000,0.000000,1.000000,0.515598,0.292786
0.000000,0.000000,0.000000,0.000000,0.000000,1.000000,0.520888
0.000000,0.000000,0.000000,0.000000,0.000000,0.000000,1.000000
1.000000,0.677475,0.502450,0.555641,0.589949,0.549795,0.463663
0.000000,1.000000,0.677227,0.501877,0.553899,0.589392,0.552717
0.000000,0.000000,1.000000,0.677055,0.499577,0.552975,0.591486
0.000000,0.000000,0.000000,1.000000,0.675729,0.498730,0.555019
0.000000,0.000000,0.000000,0.000000,1.000000,0.674966,0.498869
0.000000,0.000000,0.000000,0.000000,0.000000,1.000000,0.675836
0.000000,0.000000,0.000000,0.000000,0.000000,0.000000,1.000000
1.000000,0.732160,0.564587,0.555267,0.516601,0.452174,0.453997
0.000000,1.000000,0.739291,0.573315,0.564059,0.524400,0.461237
0.000000,0.000000,1.000000,0.741844,0.584316,0.573886,0.533698
0.000000,0.000000,0.000000,1.000000,0.748923,0.593286,0.581568
0.000000,0.000000,0.000000,0.000000,1.000000,0.753457,0.599457
0.000000,0.000000,0.000000,0.000000,0.000000,1.000000,0.757791
0.000000,0.000000,0.000000,0.000000,0.000000,0.000000,1.000000
1.000000,0.475914,0.142119,0.258620,0.347636,0.203906,0.073769
0.000000,1.000000,0.481828,0.151347,0.267159,0.353917,0.213116
0.000000,0.000000,1.000000,0.484147,0.160526,0.270027,0.358931
0.000000,0.000000,0.000000,1.000000,0.491823,0.163571,0.275532
0.000000,0.000000,0.000000,0.000000,1.000000,0.498684,0.174506
0.000000,0.000000,0.000000,0.000000,0.000000,1.000000,0.502763
0.000000,0.000000,0.000000,0.000000,0.000000,0.000000,1.000000
1.000000,0.556521,0.276859,0.297272,0.349100,0.395197,0.351840
0.000000,1.000000,0.564759,0.288953,0.309728,0.360774,0.406770
0.000000,0.000000,1.000000,0.573738,0.300422,0.321376,0.371811
0.000000,0.000000,0.000000,1.000000,0.582280,0.312348,0.333217
0.000000,0.000000,0.000000,0.000000,1.000000,0.588729,0.321026
0.000000,0.000000,0.000000,0.000000,0.000000,1.000000,0.594893
0.000000,0.000000,0.000000,0.000000,0.000000,0.000000,1.000000
1.000000,0.390185,0.000000,0.110568,0.307432,0.230185,0.000000
0.000000,1.000000,0.396338,0.000000,0.118355,0.314864,0.247677
0.000000,0.000000,1.000000,0.405124,0.000000,0.123102,0.333839
0.000000,0.000000,0.000000,1.000000,0.413457,0.000000,0.141050
0.000000,0.000000,0.000000,0.000000,1.000000,0.417775,0.000000
0.000000,0.000000,0.000000,0.000000,0.000000,1.000000,0.434057
0.000000,0.000000,0.000000,0.000000,0.000000,0.000000,1.000000
1.000000,0.553757,0.406198,0.494077,0.423448,0.313898,0.265516
0.000000,1.000000,0.556667,0.414838,0.501951,0.430917,0.323822
0.000000,0.000000,1.000000,0.565462,0.425164,0.509129,0.441756
0.000000,0.000000,0.000000,1.000000,0.574294,0.433023,0.514807
0.000000,0.000000,0.000000,0.000000,1.000000,0.582546,0.440509
0.000000,0.000000,0.000000,0.000000,0.000000,1.000000,0.588794
0.000000,0.000000,0.000000,0.000000,0.000000,0.000000,1.000000
1.000000,0.584833,0.334046,0.496748,0.613995,0.440650,0.372017
0.000000,1.000000,0.590669,0.342677,0.503056,0.621878,0.448655
0.000000,0.000000,1.000000,0.595473,0.349565,0.511639,0.627745
0.000000,0.000000,0.000000,1.000000,0.599764,0.361218,0.518618
0.000000,0.000000,0.000000,0.000000,1.000000,0.607637,0.371022
0.000000,0.000000,0.000000,0.000000,0.000000,1.000000,0.615804
0.000000,0.000000,0.000000,0.000000,0.000000,0.000000,1.000000
1.000000,0.342962,0.000000,0.189863,0.275436,0.174417,0.102274
0.000000,1.000000,0.335823,0.000000,0.177288,0.272931,0.180081
0.000000,0.000000,1.000000,0.324917,0.000000,0.171896,0.273852
0.000000,0.000000,0.000000,1.000000,0.315478,0.000000,0.168328
0.000000,0.000000,0.000000,0.000000,1.000000,0.304313,0.000000
0.000000,0.000000,0.000000,0.000000,0.000000,1.000000,0.314027
0.000000,0.000000,0.000000,0.000000,0.000000,0.000000,1.000000
1.000000,0.773193,0.677105,0.701582,0.702547,0.641641,0.661317
0.000000,1.000000,0.779658,0.682233,0.706592,0.707091,0.646557
0.000000,0.000000,1.000000,0.787316,0.689711,0.714894,0.714432
0.000000,0.000000,0.000000,1.000000,0.788640,0.690781,0.715523
0.000000,0.000000,0.000000,0.000000,1.000000,0.789917,0.692678
0.000000,0.000000,0.000000,0.000000,0.000000,1.000000,0.790716
0.000000,0.000000,0.000000,0.000000,0.000000,0.000000,1.000000
1.000000,0.668759,0.512709,0.648056,0.662063,0.584745,0.518410
0.000000,1.000000,0.667042,0.510129,0.644417,0.658011,0.583905
0.000000,0.000000,1.000000,0.662683,0.505569,0.636964,0.653983
0.000000,0.000000,0.000000,1.000000,0.665427,0.507940,0.636788
0.000000,0.000000,0.000000,0.000000,1.000000,0.670461,0.510621
0.000000,0.000000,0.000000,0.000000,0.000000,1.000000,0.672770
0.000000,0.000000,0.000000,0.000000,0.000000,0.000000,1.000000
1.000000,0.438179,0.000000,0.105313,0.325557,0.375603,0.195164
0.000000,1.000000,0.445797,0.000000,0.114249,0.329596,0.384122
0.000000,0.000000,1.000000,0.454545,0.000000,0.123296,0.337851
0.000000,0.000000,0.000000,1.000000,0.465843,0.000000,0.136622
0.000000,0.000000,0.000000,0.000000,1.000000,0.469053,0.068467
0.000000,0.000000,0.000000,0.000000,0.000000,1.000000,0.475896
0.000000,0.000000,0.000000,0.000000,0.000000,0.000000,1.000000
1.000000,0.499210,0.243563,0.426984,0.429239,0.203406,0.070986
0.000000,1.000000,0.504871,0.253523,0.436755,0.430755,0.206094
0.000000,0.000000,1.000000,0.512005,0.266619,0.443474,0.437580
0.000000,0.000000,0.000000,1.000000,0.521098,0.276570,0.451919
0.000000,0.000000,0.000000,0.000000,1.000000,0.529639,0.287085
0.000000,0.000000,0.000000,0.000000,0.000000,1.000000,0.530062
0.000000,0.000000,0.000000,0.000000,0.000000,0.000000,1.000000
1.000000,0.495383,0.274165,0.320070,0.236786,0.110597,0.000000
0.000000,1.000000,0.499538,0.287656,0.328143,0.247213,0.133375
0.000000,0.000000,1.000000,0.509592,0.296672,0.335944,0.268937
0.000000,0.000000,0.000000,1.000000,0.521137,0.307735,0.348332
0.000000,0.000000,0.000000,0.000000,1.000000,0.530459,0.325689
0.000000,0.000000,0.000000,0.000000,0.000000,1.000000,0.545284
0.000000,0.000000,0.000000,0.000000,0.000000,0.000000,1.000000
1.000000,0.250371,0.000000,0.148608,0.262039,0.113353,0.000000
0.000000,1.000000,0.257864,0.000000,0.146266,0.260610,0.117203
-0.094125,0.000000,1.000000,0.270356,0.000000,0.161274,0.269182
0.000000,-0.097120,0.000000,1.000000,0.273213,0.000000,0.170483
0.000000,0.000000,-0.081679,0.000000,1.000000,0.277181,0.000000
0.000000,0.000000,0.000000,-0.078899,0.000000,1.000000,0.286898
0.000000,0.000000,0.000000,0.000000,-0.069423,0.000000,1.000000
1.000000,0.597014,0.449938,0.489459,0.399860,0.344977,0.277184
0.000000,1.000000,0.602507,0.457796,0.500117,0.409485,0.356122
0.000000,0.000000,1.000000,0.605330,0.471071,0.508885,0.421419
0.000000,0.000000,0.000000,1.000000,0.616081,0.480993,0.520295
0.000000,0.000000,0.000000,0.000000,1.000000,0.624110,0.489984
0.000000,0.000000,0.000000,0.000000,0.000000,1.000000,0.631768
0.000000,0.000000,0.000000,0.000000,0.000000,0.000000,1.000000
1.000000,0.364862,0.109975,0.251942,0.237481,0.143536,0.000000
0.000000,1.000000,0.379117,0.121875,0.262185,0.251511,0.157194
0.000000,0.000000,1.000000,0.395260,0.140163,0.274927,0.265322
0.000000,0.000000,0.000000,1.000000,0.402538,0.157493,0.287052
0.000000,0.000000,0.000000,0.000000,1.000000,0.414557,0.171983
0.000000,0.000000,0.000000,0.000000,0.000000,1.000000,0.425735
0.000000,0.000000,0.000000,0.000000,0.000000,0.000000,1.000000
1.000000,0.747728,0.587417,0.615866,0.656442,0.603255,0.521944
0.000000,1.000000,0.748409,0.588764,0.616495,0.655985,0.599999
0.000000,0.000000,1.000000,0.747910,0.589502,0.617709,0.654730
0.000000,0.000000,0.000000,1.000000,0.747662,0.590222,0.617734
0.000000,0.000000,0.000000,0.000000,1.000000,0.747089,0.589144
0.000000,0.000000,0.000000,0.000000,0.000000,1.000000,0.745888
0.000000,0.000000,0.000000,0.000000,0.000000,0.000000,1.000000
1.000000,0.313272,0.108198,0.222567,0.222661,0.143404,0.000000
0.000000,1.000000,0.323563,0.116279,0.235650,0.244982,0.154041
0.000000,0.000000,1.000000,0.333820,0.131066,0.251980,0.257355
0.000000,0.000000,0.000000,1.000000,0.346697,0.151691,0.261235
0.000000,0.000000,0.000000,0.000000,1.000000,0.364028,0.167137
0.000000,0.000000,0.000000,0.000000,0.000000,1.000000,0.379991
0.000000,0.000000,0.000000,0.000000,0.000000,0.000000,1.000000
1.000000,0.377113,0.000000,0.189351,0.312002,0.203547,0.084396
0.000000,1.000000,0.389862,0.000000,0.199912,0.325714,0.216373
0.000000,0.000000,1.000000,0.400853,0.000000,0.215950,0.335757
0.000000,0.000000,0.000000,1.000000,0.406029,0.000000,0.224871
0.000000,0.000000,0.000000,0.000000,1.000000,0.423376,0.000000
0.000000,0.000000,0.000000,0.000000,0.000000,1.000000,0.440317
0.000000,0.000000,0.000000,0.000000,0.000000,0.000000,1.000000
1.000000,0.343712,0.000000,0.000000,0.138121,0.072630,0.000000
0.000000,1.000000,0.363576,0.000000,0.000000,0.160110,0.090617
0.000000,0.000000,1.000000,0.386853,0.000000,0.000000,0.165209
0.000000,0.000000,0.000000,1.000000,0.406651,0.060558,0.063915
0.000000,0.000000,0.000000,0.000000,1.000000,0.420536,0.074756
0.000000,0.000000,0.000000,0.000000,0.000000,1.000000,0.424094
0.000000,0.000000,0.000000,0.000000,0.000000,0.000000,1.000000
1.000000,0.549417,0.317733,0.392864,0.337801,0.302106,0.346676
0.000000,1.000000,0.554574,0.330285,0.401976,0.346816,0.314498
0.000000,0.000000,1.000000,0.564472,0.337862,0.411327,0.357956
0.000000,0.000000,0.000000,1.000000,0.559083,0.339717,0.412541
0.000000,0.000000,0.000000,0.000000,1.000000,0.557696,0.337418
0.000000,0.000000,0.000000,0.000000,0.000000,1.000000,0.562290
0.000000,0.000000,0.000000,0.000000,0.000000,0.000000,1.000000
1.000000,0.424258,0.172158,0.209633,0.233213,0.191479,0.107946
0.000000,1.000000,0.427097,0.180986,0.208225,0.239175,0.202410
0.000000,0.000000,1.000000,0.437757,0.189797,0.220672,0.253271
0.000000,0.000000,0.000000,1.000000,0.448993,0.204825,0.234680
0.000000,0.000000,0.000000,0.000000,1.000000,0.458984,0.220719
0.000000,0.000000,0.000000,0.000000,0.000000,1.000000,0.470204
0.000000,0.000000,0.000000,0.000000,0.000000,0.000000,1.000000
1.000000,0.655025,0.509860,0.560284,0.548949,0.444869,0.424621
0.000000,1.000000,0.660156,0.516332,0.566604,0.555969,0.451767
0.000000,0.000000,1.000000,0.662028,0.518302,0.568807,0.558561
0.000000,0.000000,0.000000,1.000000,0.662656,0.519024,0.570147
0.000000,0.000000,0.000000,0.000000,1.000000,0.662958,0.520101
0.000000,0.000000,0.000000,0.000000,0.000000,1.000000,0.663694
0.000000,0.000000,0.000000,0.000000,0.000000,0.000000,1.000000
1.000000,0.494150,0.064155,0.185204,0.388231,0.275472,0.000000
0.000000,1.000000,0.502680,0.077239,0.197474,0.398725,0.285775
0.000000,0.000000,1.000000,0.508319,0.087902,0.209282,0.405455
0.000000,0.000000,0.000000,1.000000,0.514932,0.102091,0.218581
0.000000,0.000000,0.000000,0.000000,1.000000,0.523097,0.114035
0.000000,0.000000,0.000000,0.000000,0.000000,1.000000,0.531791
0.000000,0.000000,0.000000,0.000000,0.000000,0.000000,1.000000
1.000000,0.383218,0.114084,0.241991,0.254872,0.170381,0.101612
0.000000,1.000000,0.394185,0.132469,0.255075,0.269750,0.187508
0.000000,0.000000,1.000000,0.407264,0.148987,0.268430,0.286533
0.000000,0.000000,0.000000,1.000000,0.420199,0.162888,0.280833
0.000000,0.000000,0.000000,0.000000,1.000000,0.433846,0.178047
0.000000,0.000000,0.000000,0.000000,0.000000,1.000000,0.446664
0.000000,0.000000,0.000000,0.000000,0.000000,0.000000,1.000000
1.000000,0.640191,0.412192,0.564248,0.603667,0.480854,0.433141
0.000000,1.000000,0.642179,0.415409,0.566422,0.607383,0.493198
0.000000,0.000000,1.000000,0.643806,0.418400,0.569388,0.618440
0.000000,0.000000,0.000000,1.000000,0.645361,0.422830,0.580714
0.000000,0.000000,0.000000,0.000000,1.000000,0.648104,0.436017
0.000000,0.000000,0.000000,0.000000,0.000000,1.000000,0.657733
0.000000,0.000000,0.000000,0.000000,0.000000,0.000000,1.000000
1.000000,0.369475,0.000000,0.170793,0.183580,0.000000,0.000000
0.000000,1.000000,0.383577,0.064438,0.185514,0.203882,0.000000
0.000000,0.000000,1.000000,0.396116,0.083134,0.199766,0.221461
0.000000,0.000000,0.000000,1.000000,0.408232,0.099902,0.214561
0.000000,0.000000,0.000000,0.000000,1.000000,0.421011,0.116250
0.000000,0.000000,0.000000,0.000000,0.000000,1.000000,0.433365
-0.088158,0.000000,0.000000,0.000000,0.000000,0.000000,1.000000
1.000000,0.383054,0.000000,0.000000,0.000000,0.062542,0.116877
0.000000,1.000000,0.386696,0.062425,0.000000,0.000000,0.084887
0.000000,0.000000,1.000000,0.388188,0.069272,0.000000,0.000000
0.000000,0.000000,0.000000,1.000000,0.394004,0.092617,0.000000
0.000000,0.000000,0.000000,0.000000,1.000000,0.411559,0.114083
0.000000,0.000000,0.000000,0.000000,0.000000,1.000000,0.421087
0.000000,0.000000,0.000000,0.000000,0.000000,0.000000,1.000000
1.000000,0.779612,0.681113,0.697686,0.699442,0.682797,0.622270
0.000000,1.000000,0.778394,0.679544,0.696036,0.698649,0.682133
0.000000,0.000000,1.000000,0.777522,0.678198,0.695225,0.698074
0.000000,0.000000,0.000000,1.000000,0.776510,0.678193,0.694267
0.000000,0.000000,0.000000,0.000000,1.000000,0.775998,0.677368
0.000000,0.000000,0.000000,0.000000,0.000000,1.000000,0.775390
0.000000,0.000000,0.000000,0.000000,0.000000,0.000000,1.000000
1.000000,0.622059,0.375661,0.349103,0.420387,0.440192,0.329440
0.000000,1.000000,0.621158,0.373727,0.346460,0.415388,0.437959
0.000000,0.000000,1.000000,0.619673,0.370065,0.336251,0.409137
0.000000,0.000000,0.000000,1.000000,0.616972,0.360639,0.328974
0.000000,0.000000,0.000000,0.000000,1.000000,0.609871,0.352540
0.000000,0.000000,0.000000,0.000000,0.000000,1.000000,0.602205
0.000000,0.000000,0.000000,0.000000,0.000000,0.000000,1.000000
1.000000,0.520718,0.258504,0.374239,0.377714,0.328050,0.247080
0.000000,1.000000,0.522057,0.263943,0.388647,0.392339,0.332951
0.000000,0.000000,1.000000,0.525901,0.279869,0.402719,0.397029
0.000000,0.000000,0.000000,1.000000,0.537460,0.295140,0.409111
0.000000,0.000000,0.000000,0.000000,1.000000,0.546605,0.310131
0.000000,0.000000,0.000000,0.000000,0.000000,1.000000,0.558265
0.000000,0.000000,0.000000,0.000000,0.000000,0.000000,1.000000
1.000000,0.699047,0.504402,0.541424,0.574291,0.525945,0.434269
0.000000,1.000000,0.695850,0.501410,0.541548,0.573641,0.523908
0.000000,0.000000,1.000000,0.693682,0.499983,0.540788,0.570619
0.000000,0.000000,0.000000,1.000000,0.693008,0.498982,0.538234
0.000000,0.000000,0.000000,0.000000,1.000000,0.693635,0.498119
0.000000,0.000000,0.000000,0.000000,0.000000,1.000000,0.693478
0.000000,0.000000,0.000000,0.000000,0.000000,0.000000,1.000000
1.000000,0.357178,0.000000,0.162798,0.179166,0.000000,0.000000
0.000000,1.000000,0.375176,0.000000,0.181582,0.192284,0.000000
0.000000,0.000000,1.000000,0.383346,0.000000,0.199006,0.202364
0.000000,0.000000,0.000000,1.000000,0.389855,0.000000,0.210977
0.000000,0.000000,0.000000,0.000000,1.000000,0.402512,0.073109
0.000000,0.000000,0.000000,0.000000,0.000000,1.000000,0.416395
0.000000,0.000000,0.000000,0.000000,0.000000,0.000000,1.000000
1.000000,0.734676,0.584948,0.581971,0.605886,0.659215,0.660378
0.000000,1.000000,0.736018,0.588078,0.582920,0.610395,0.663890
0.000000,0.000000,1.000000,0.738433,0.590079,0.586744,0.615323
0.000000,0.000000,0.000000,1.000000,0.740637,0.594766,0.590867
0.000000,0.000000,0.000000,0.000000,1.000000,0.743976,0.599743
0.000000,0.000000,0.000000,0.000000,0.000000,1.000000,0.747760
0.000000,0.000000,0.000000,0.000000,0.000000,0.000000,1.000000
1.000000,0.668106,0.409603,0.526822,0.661044,0.568961,0.396219
0.000000,1.000000,0.669024,0.422768,0.523244,0.647415,0.564435
0.000000,0.000000,1.000000,0.678138,0.420184,0.505935,0.635883
0.000000,0.000000,0.000000,1.000000,0.681667,0.423838,0.508071
0.000000,0.000000,0.000000,0.000000,1.000000,0.683572,0.428102
0.000000,0.000000,0.000000,0.000000,0.000000,1.000000,0.684506
0.000000,0.000000,0.000000,0.000000,0.000000,0.000000,1.000000
1.000000,0.382530,0.000000,0.153099,0.361601,0.273471,0.000000
0.000000,1.000000,0.389771,0.000000,0.158321,0.360693,0.284487
0.000000,0.000000,1.000000,0.400496,0.000000,0.156886,0.369691
0.000000,0.000000,0.000000,1.000000,0.410404,0.000000,0.169045
0.000000,0.000000,0.000000,0.000000,1.000000,0.407127,0.000000
0.000000,0.000000,0.000000,0.000000,0.000000,1.000000,0.411658
0.000000,0.000000,0.000000,0.000000,0.000000,0.000000,1.000000
1.000000,0.452729,0.171233,0.384796,0.351743,0.179913,0.213493
0.000000,1.000000,0.461628,0.185661,0.392188,0.358627,0.193441
0.000000,0.000000,1.000000,0.472090,0.199098,0.401488,0.369026
0.000000,0.000000,0.000000,1.000000,0.482924,0.213285,0.411557
0.000000,0.000000,0.000000,0.000000,1.000000,0.488152,0.226511
0.000000,0.000000,0.000000,0.000000,0.000000,1.000000,0.497482
0.000000,0.000000,0.000000,0.000000,0.000000,0.000000,1.000000
1.000000,0.521761,0.263700,0.298469,0.276264,0.146228,0.117419
0.000000,1.000000,0.531191,0.272160,0.310242,0.288508,0.153383
0.000000,0.000000,1.000000,0.540939,0.284938,0.322908,0.300942
0.000000,0.000000,0.000000,1.000000,0.550704,0.296123,0.327274
0.000000,0.000000,0.000000,0.000000,1.000000,0.561579,0.309091
0.000000,0.000000,0.000000,0.000000,0.000000,1.000000,0.571232
0.000000,0.000000,0.000000,0.000000,0.000000,0.000000,1.000000
1.000000,0.714168,0.582604,0.623288,0.655176,0.550031,0.514465
0.000000,1.000000,0.717598,0.587687,0.627237,0.659586,0.556172
0.000000,0.000000,1.000000,0.718536,0.589482,0.628610,0.661494
0.000000,0.000000,0.000000,1.000000,0.719609,0.590234,0.629501
0.000000,0.000000,0.000000,0.000000,1.000000,0.720474,0.591829
0.000000,0.000000,0.000000,0.000000,0.000000,1.000000,0.720775
0.000000,0.000000,0.000000,0.000000,0.000000,0.000000,1.000000
1.000000,0.645161,0.531304,0.580744,0.532114,0.464688,0.396597
0.000000,1.000000,0.641214,0.527835,0.576879,0.526413,0.461624
0.000000,0.000000,1.000000,0.637328,0.522478,0.571000,0.521192
0.000000,0.000000,0.000000,1.000000,0.634267,0.517191,0.568472
0.000000,0.000000,0.000000,0.000000,1.000000,0.630175,0.514129
0.000000,0.000000,0.000000,0.000000,0.000000,1.000000,0.626101
0.000000,0.000000,0.000000,0.000000,0.000000,0.000000,1.000000
1.000000,0.457891,0.094222,0.213633,0.313164,0.219710,0.000000
0.000000,1.000000,0.464558,0.102827,0.220362,0.317378,0.227117
0.000000,0.000000,1.000000,0.466663,0.109947,0.230769,0.321850
0.000000,0.000000,0.000000,1.000000,0.472401,0.122504,0.237285
0.000000,0.000000,0.000000,0.000000,1.000000,0.480985,0.131499
0.000000,0.000000,0.000000,0.000000,0.000000,1.000000,0.488768
0.000000,0.000000,0.000000,0.000000,0.000000,0.000000,1.000000
1.000000,0.535972,0.277236,0.302979,0.254311,0.147570,0.145039
0.000000,1.000000,0.536703,0.283340,0.325282,0.262875,0.151577
0.000000,0.000000,1.000000,0.540735,0.306426,0.333572,0.265265
0.000000,0.000000,0.000000,1.000000,0.555846,0.318477,0.339175
0.000000,0.000000,0.000000,0.000000,1.000000,0.571760,0.339918
0.000000,0.000000,0.000000,0.000000,0.000000,1.000000,0.579065
0.000000,0.000000,0.000000,0.000000,0.000000,0.000000,1.000000
1.000000,0.536037,0.192775,0.325425,0.506653,0.417779,0.238344
0.000000,1.000000,0.537118,0.194398,0.322789,0.507890,0.417242
0.000000,0.000000,1.000000,0.538419,0.192898,0.324604,0.507339
0.000000,0.000000,0.000000,1.000000,0.537612,0.195510,0.324054
0.000000,0.000000,0.000000,0.000000,1.000000,0.536837,0.191797
0.000000,0.000000,0.000000,0.000000,0.000000,1.000000,0.536993
0.000000,0.000000,0.000000,0.000000,0.000000,0.000000,1.000000
1.000000,0.583435,0.402374,0.489240,0.470732,0.370198,0.353186
0.000000,1.000000,0.602637,0.414856,0.485911,0.468025,0.371262
0.000000,0.000000,1.000000,0.618050,0.437337,0.507787,0.485385
0.000000,0.000000,0.000000,1.000000,0.631765,0.452329,0.520805
0.000000,0.000000,0.000000,0.000000,1.000000,0.631831,0.455385
0.000000,0.000000,0.000000,0.000000,0.000000,1.000000,0.635421
0.000000,0.000000,0.000000,0.000000,0.000000,0.000000,1.000000
1.000000,0.534297,0.281074,0.321323,0.429049,0.365061,0.247617
0.000000,1.000000,0.538140,0.287944,0.326258,0.434934,0.374509
0.000000,0.000000,1.000000,0.542610,0.293458,0.332984,0.443417
0.000000,0.000000,0.000000,1.000000,0.546765,0.301358,0.342683
0.000000,0.000000,0.000000,0.000000,1.000000,0.550774,0.311779
0.000000,0.000000,0.000000,0.000000,0.000000,1.000000,0.558220
0.000000,0.000000,0.000000,0.000000,0.000000,0.000000,1.000000
1.000000,0.368806,0.000000,0.181194,0.246845,0.144687,0.000000
0.000000,1.000000,0.381002,0.060918,0.196915,0.260488,0.157417
0.000000,0.000000,1.000000,0.393649,0.077642,0.209598,0.273648
0.000000,0.000000,0.000000,1.000000,0.406699,0.094793,0.220691
0.000000,0.000000,0.000000,0.000000,1.000000,0.417211,0.113838
0.000000,0.000000,0.000000,0.000000,0.000000,1.000000,0.428949
0.000000,0.000000,0.000000,0.000000,0.000000,0.000000,1.000000
1.000000,0.629408,0.400310,0.446327,0.515569,0.411464,0.333814
0.000000,1.000000,0.633560,0.406923,0.450860,0.521463,0.418197
0.000000,0.000000,1.000000,0.636926,0.410651,0.455102,0.526750
0.000000,0.000000,0.000000,1.000000,0.640772,0.416282,0.461925
0.000000,0.000000,0.000000,0.000000,1.000000,0.644987,0.422358
0.000000,0.000000,0.000000,0.000000,0.000000,1.000000,0.650772
0.000000,0.000000,0.000000,0.000000,0.000000,0.000000,1.000000
1.000000,0.419979,0.129682,0.262733,0.246720,0.189334,0.092875
0.000000,1.000000,0.430580,0.145904,0.276661,0.259662,0.204751
0.000000,0.000000,1.000000,0.439790,0.159686,0.287314,0.270445
0.000000,0.000000,0.000000,1.000000,0.444850,0.169981,0.291212
0.000000,0.000000,0.000000,0.000000,1.000000,0.454133,0.177056
0.000000,0.000000,0.000000,0.000000,0.000000,1.000000,0.462171
0.000000,0.000000,0.000000,0.000000,0.000000,0.000000,1.000000
1.000000,0.670726,0.485820,0.527120,0.568390,0.560393,0.493471
0.000000,1.000000,0.674041,0.495277,0.545601,0.586036,0.574175
0.000000,0.000000,1.000000,0.679876,0.515035,0.565046,0.599721
0.000000,0.000000,0.000000,1.000000,0.691959,0.530407,0.576450
0.000000,0.000000,0.000000,0.000000,1.000000,0.694457,0.536474
0.000000,0.000000,0.000000,0.000000,0.000000,1.000000,0.698543
0.000000,0.000000,0.000000,0.000000,0.000000,0.000000,1.000000
1.000000,0.413959,0.000000,0.283481,0.323138,0.140371,0.127902
0.000000,1.000000,0.425220,0.063299,0.282602,0.324379,0.158372
0.000000,0.000000,1.000000,0.435720,0.075494,0.295827,0.338173
0.000000,0.000000,0.000000,1.000000,0.443694,0.089429,0.310982
0.000000,0.000000,0.000000,0.000000,1.000000,0.442845,0.109140
0.000000,0.000000,0.000000,0.000000,0.000000,1.000000,0.460489
0.000000,0.000000,0.000000,0.000000,0.000000,0.000000,1.000000
1.000000,0.354737,0.000000,0.117419,0.168305,0.076480,0.000000
0.000000,1.000000,0.366709,0.000000,0.127879,0.188032,0.093822
0.000000,0.000000,1.000000,0.379747,0.000000,0.142623,0.203430
0.000000,0.000000,0.000000,1.000000,0.389878,0.062909,0.157304
0.000000,0.000000,0.000000,0.000000,1.000000,0.403091,0.080357
0.000000,0.000000,0.000000,0.000000,0.000000,1.000000,0.415107
0.000000,0.000000,0.000000,0.000000,0.000000,0.000000,1.000000
1.000000,0.687653,0.521938,0.469079,0.443994,0.423326,0.374481
0.000000,1.000000,0.693941,0.527029,0.473888,0.454393,0.434333
0.000000,0.000000,1.000000,0.700284,0.535887,0.483317,0.462900
0.000000,0.000000,0.000000,1.000000,0.702828,0.547213,0.493214
0.000000,0.000000,0.000000,0.000000,1.000000,0.711599,0.557735
0.000000,0.000000,0.000000,0.000000,0.000000,1.000000,0.718630
0.000000,0.000000,0.000000,0.000000,0.000000,0.000000,1.000000
1.000000,0.466807,0.258793,0.282348,0.280036,0.161926,0.147750
0.000000,1.000000,0.476716,0.267334,0.288340,0.287259,0.173886
0.000000,0.000000,1.000000,0.483777,0.277647,0.289499,0.295665
0.000000,0.000000,0.000000,1.000000,0.490390,0.281966,0.297881
0.000000,0.000000,0.000000,0.000000,1.000000,0.497290,0.289068
0.000000,0.000000,0.000000,0.000000,0.000000,1.000000,0.501873
0.000000,0.000000,0.000000,0.000000,0.000000,0.000000,1.000000
1.000000,0.703388,0.505527,0.573685,0.643293,0.555901,0.504634
0.000000,1.000000,0.703498,0.509211,0.573191,0.641780,0.555654
0.000000,0.000000,1.000000,0.705894,0.508926,0.571175,0.641185
0.000000,0.000000,0.000000,1.000000,0.708189,0.510966,0.573842
0.000000,0.000000,0.000000,0.000000,1.000000,0.707008,0.510579
0.000000,0.000000,0.000000,0.000000,0.000000,1.000000,0.705735
0.000000,0.000000,0.000000,0.000000,0.000000,0.000000,1.000000
1.000000,0.678511,0.522211,0.645288,0.666411,0.577687,0.522985
0.000000,1.000000,0.681535,0.528241,0.647609,0.668697,0.579606
0.000000,0.000000,1.000000,0.686003,0.533261,0.650694,0.671863
0.000000,0.000000,0.000000,1.000000,0.689900,0.538952,0.654901
0.000000,0.000000,0.000000,0.000000,1.000000,0.692873,0.541915
0.000000,0.000000,0.000000,0.000000,0.000000,1.000000,0.695511
0.000000,0.000000,0.000000,0.000000,0.000000,0.000000,1.000000
1.000000,0.746956,0.577874,0.609038,0.565651,0.474187,0.465258
0.000000,1.000000,0.753028,0.588226,0.616773,0.572733,0.481463
0.000000,0.000000,1.000000,0.758889,0.597772,0.626228,0.583320
0.000000,0.000000,0.000000,1.000000,0.765192,0.610256,0.639530
0.000000,0.000000,0.000000,0.000000,1.000000,0.770688,0.618472
0.000000,0.000000,0.000000,0.000000,0.000000,1.000000,0.773152
0.000000,0.000000,0.000000,0.000000,0.000000,0.000000,1.000000
1.000000,0.562939,0.346199,0.384050,0.437596,0.362627,0.241076
0.000000,1.000000,0.561993,0.345293,0.383269,0.433435,0.359227
0.000000,0.000000,1.000000,0.561457,0.344652,0.377530,0.429076
0.000000,0.000000,0.000000,1.000000,0.561577,0.338625,0.373095
0.000000,0.000000,0.000000,0.000000,1.000000,0.557303,0.334748
0.000000,0.000000,0.000000,0.000000,0.000000,1.000000,0.552888
0.000000,0.000000,0.000000,0.000000,0.000000,0.000000,1.000000
1.000000,0.496534,0.191590,0.195042,0.199004,0.145964,0.244593
0.000000,1.000000,0.501730,0.210652,0.210222,0.205253,0.162218
0.000000,0.000000,1.000000,0.514865,0.225474,0.220921,0.221112
0.000000,0.000000,0.000000,1.000000,0.528311,0.243433,0.234692
0.000000,0.000000,0.000000,0.000000,1.000000,0.539576,0.258452
0.000000,0.000000,0.000000,0.000000,0.000000,1.000000,0.550218
0.000000,0.000000,0.000000,0.000000,0.000000,0.000000,1.000000
1.000000,0.468974,0.237089,0.386574,0.349154,0.313800,0.225147
0.000000,1.000000,0.472036,0.245112,0.392901,0.353469,0.319116
0.000000,0.000000,1.000000,0.476733,0.252065,0.397681,0.357159
0.000000,0.000000,0.000000,1.000000,0.481907,0.259979,0.404651
0.000000,0.000000,0.000000,0.000000,1.000000,0.485897,0.267129
0.000000,0.000000,0.000000,0.000000,0.000000,1.000000,0.488947
0.000000,0.000000,0.000000,0.000000,0.000000,0.000000,1.000000
1.000000,0.609055,0.406966,0.493324,0.519157,0.410930,0.372744
0.000000,1.000000,0.609156,0.407014,0.493776,0.519825,0.411475
0.000000,0.000000,1.000000,0.609248,0.407668,0.494248,0.520212
0.000000,0.000000,0.000000,1.000000,0.609688,0.408407,0.494421
0.000000,0.000000,0.000000,0.000000,1.000000,0.610492,0.409168
0.000000,0.000000,0.000000,0.000000,0.000000,1.000000,0.611032
0.000000,0.000000,0.000000,0.000000,0.000000,0.000000,1.000000
1.000000,0.641786,0.498781,0.488967,0.397837,0.328927,0.295480
0.000000,1.000000,0.642271,0.499126,0.489216,0.397961,0.329701
0.000000,0.000000,1.000000,0.642356,0.499420,0.489120,0.398508
0.000000,0.000000,0.000000,1.000000,0.642216,0.499046,0.488948
0.000000,0.000000,0.000000,0.000000,1.000000,0.642120,0.499144
0.000000,0.000000,0.000000,0.000000,0.000000,1.000000,0.642050
0.000000,0.000000,0.000000,0.000000,0.000000,0.000000,1.000000
1.000000,0.681215,0.614985,0.595355,0.526508,0.527759,0.530076
0.000000,1.000000,0.692086,0.626552,0.608033,0.541847,0.540757
0.000000,0.000000,1.000000,0.700031,0.636701,0.620320,0.554099
0.000000,0.000000,0.000000,1.000000,0.701947,0.639746,0.623962
0.000000,0.000000,0.000000,0.000000,1.000000,0.703488,0.642335
0.000000,0.000000,0.000000,0.000000,0.000000,1.000000,0.704671
0.000000,0.000000,0.000000,0.000000,0.000000,0.000000,1.000000
1.000000,0.815298,0.726452,0.743776,0.744149,0.741247,0.670624
0.000000,1.000000,0.815318,0.726684,0.743750,0.744296,0.741545
0.000000,0.000000,1.000000,0.815185,0.726780,0.743781,0.744383
0.000000,0.000000,0.000000,1.000000,0.815316,0.726732,0.743769
0.000000,0.000000,0.000000,0.000000,1.000000,0.815337,0.726844
0.000000,0.000000,0.000000,0.000000,0.000000,1.000000,0.815235
0.000000,0.000000,0.000000,0.000000,0.000000,0.000000,1.000000
1.000000,0.520628,0.205926,0.284210,0.338813,0.205650,0.000000
0.000000,1.000000,0.530886,0.223293,0.299705,0.350284,0.220466
0.000000,0.000000,1.000000,0.540458,0.237011,0.313508,0.360325
0.000000,0.000000,0.000000,1.000000,0.544432,0.252403,0.325944
0.000000,0.000000,0.000000,0.000000,1.000000,0.554956,0.267052
0.000000,0.000000,0.000000,0.000000,0.000000,1.000000,0.565010
0.000000,0.000000,0.000000,0.000000,0.000000,0.000000,1.000000
1.000000,0.397258,0.128288,0.282460,0.242567,0.168432,0.083758
0.000000,1.000000,0.398827,0.131697,0.285679,0.245571,0.173582
0.000000,0.000000,1.000000,0.399616,0.133120,0.286619,0.248702
0.000000,0.000000,0.000000,1.000000,0.400713,0.134830,0.290127
0.000000,0.000000,0.000000,0.000000,1.000000,0.401501,0.138748
0.000000,0.000000,0.000000,0.000000,0.000000,1.000000,0.403476
0.000000,0.000000,0.000000,0.000000,0.000000,0.000000,1.000000
1.000000,0.481062,0.235305,0.436034,0.478954,0.325919,0.166881
0.000000,1.000000,0.478830,0.229216,0.432302,0.479842,0.322101
0.000000,0.000000,1.000000,0.476467,0.225829,0.428301,0.480608
0.000000,0.000000,0.000000,1.000000,0.474813,0.220456,0.428487
0.000000,0.000000,0.000000,0.000000,1.000000,0.472314,0.219469
0.000000,0.000000,0.000000,0.000000,0.000000,1.000000,0.469323
0.000000,0.000000,0.000000,0.000000,0.000000,0.000000,1.000000
1.000000,0.549308,0.258127,0.249876,0.269678,0.224145,0.155983
0.000000,1.000000,0.554703,0.266077,0.253806,0.275533,0.226617
0.000000,0.000000,1.000000,0.558998,0.269029,0.258265,0.274997
0.000000,0.000000,0.000000,1.000000,0.557672,0.271368,0.254012
0.000000,0.000000,0.000000,0.000000,1.000000,0.556114,0.267185
0.000000,0.000000,0.000000,0.000000,0.000000,1.000000,0.552840
0.000000,0.000000,0.000000,0.000000,0.000000,0.000000,1.000000
1.000000,0.738459,0.619686,0.639443,0.670438,0.672928,0.645664
0.000000,1.000000,0.742555,0.625204,0.644932,0.675187,0.678266
0.000000,0.000000,1.000000,0.746135,0.630014,0.650419,0.679755
0.000000,0.000000,0.000000,1.000000,0.749618,0.635221,0.655983
0.000000,0.000000,0.000000,0.000000,1.000000,0.753568,0.640318
0.000000,0.000000,0.000000,0.000000,0.000000,1.000000,0.757675
0.000000,0.000000,0.000000,0.000000,0.000000,0.000000,1.000000
1.000000,0.722287,0.538085,0.530848,0.460029,0.409279,0.407812
0.000000,1.000000,0.724059,0.540703,0.532943,0.462047,0.412027
0.000000,0.000000,1.000000,0.725276,0.542222,0.534015,0.463459
0.000000,0.000000,0.000000,1.000000,0.725758,0.543000,0.534875
0.000000,0.000000,0.000000,0.000000,1.000000,0.725918,0.543786
0.000000,0.000000,0.000000,0.000000,0.000000,1.000000,0.726525
0.000000,0.000000,0.000000,0.000000,0.000000,0.000000,1.000000
1.000000,0.680385,0.546276,0.562681,0.554995,0.497300,0.477180
0.000000,1.000000,0.686971,0.555201,0.572893,0.564426,0.508068
0.000000,0.000000,1.000000,0.693893,0.564424,0.581696,0.574118
0.000000,0.000000,0.000000,1.000000,0.698657,0.570923,0.587599
0.000000,0.000000,0.000000,0.000000,1.000000,0.702065,0.576425
0.000000,0.000000,0.000000,0.000000,0.000000,1.000000,0.705193
0.000000,0.000000,0.000000,0.000000,0.000000,0.000000,1.000000
1.000000,0.576441,0.369983,0.461680,0.464677,0.364705,0.238020
0.000000,1.000000,0.579871,0.374632,0.464182,0.468737,0.370786
0.000000,0.000000,1.000000,0.584707,0.380188,0.469733,0.474966
0.000000,0.000000,0.000000,1.000000,0.587655,0.387131,0.475830
0.000000,0.000000,0.000000,0.000000,1.000000,0.590614,0.393551
0.000000,0.000000,0.000000,0.000000,0.000000,1.000000,0.595992
0.000000,0.000000,0.000000,0.000000,0.000000,0.000000,1.000000
1.000000,0.679305,0.488656,0.523868,0.539440,0.532564,0.457481
0.000000,1.000000,0.684237,0.494733,0.528964,0.544619,0.538228
0.000000,0.000000,1.000000,0.688470,0.502555,0.536860,0.550971
0.000000,0.000000,0.000000,1.000000,0.692025,0.509087,0.543336
0.000000,0.000000,0.000000,0.000000,1.000000,0.695009,0.515534
0.000000,0.000000,0.000000,0.000000,0.000000,1.000000,0.698796
0.000000,0.000000,0.000000,0.000000,0.000000,0.000000,1.000000
1.000000,0.456293,0.161709,0.273538,0.283292,0.181789,0.000000
0.000000,1.000000,0.447097,0.166539,0.270014,0.274612,0.179493
0.000000,0.000000,1.000000,0.439147,0.158669,0.262436,0.267725
0.000000,0.000000,0.000000,1.000000,0.443224,0.160623,0.268789
0.000000,0.000000,0.000000,0.000000,1.000000,0.438634,0.162255
0.000000,0.000000,0.000000,0.000000,0.000000,1.000000,0.436925
0.000000,0.000000,0.000000,0.000000,0.000000,0.000000,1.000000
1.000000,0.590829,0.291614,0.348225,0.389764,0.225474,0.075637
0.000000,1.000000,0.594688,0.311659,0.361121,0.393949,0.230029
0.000000,0.000000,1.000000,0.609650,0.327130,0.366075,0.397738
0.000000,0.000000,0.000000,1.000000,0.619637,0.347137,0.385116
0.000000,0.000000,0.000000,0.000000,1.000000,0.630758,0.362227
0.000000,0.000000,0.000000,0.000000,0.000000,1.000000,0.632524
0.000000,0.000000,0.000000,0.000000,0.000000,0.000000,1.000000
1.000000,0.466740,0.113891,0.279111,0.439501,0.329994,0.121768
0.000000,1.000000,0.453381,0.101015,0.270512,0.436451,0.317514
0.000000,0.000000,1.000000,0.438268,0.083476,0.254784,0.427063
0.000000,0.000000,0.000000,1.000000,0.438490,0.066013,0.243285
0.000000,0.000000,0.000000,0.000000,1.000000,0.426887,0.000000
0.000000,0.000000,0.000000,0.000000,0.000000,1.000000,0.413610
0.000000,0.000000,0.000000,0.000000,0.000000,0.000000,1.000000
1.000000,0.646303,0.486651,0.480229,0.456382,0.482025,0.379034
0.000000,1.000000,0.647693,0.488422,0.481810,0.458381,0.484165
0.000000,0.000000,1.000000,0.648553,0.489748,0.482638,0.459372
0.000000,0.000000,0.000000,1.000000,0.649859,0.490848,0.483548
0.000000,0.000000,0.000000,0.000000,1.000000,0.651361,0.492538
0.000000,0.000000,0.000000,0.000000,0.000000,1.000000,0.652161
0.000000,0.000000,0.000000,0.000000,0.000000,0.000000,1.000000
1.000000,0.406991,0.069750,0.177812,0.282640,0.222196,0.198447
0.000000,1.000000,0.417037,0.096397,0.188755,0.288403,0.232260
0.000000,0.000000,1.000000,0.431142,0.113003,0.200697,0.288055
0.000000,0.000000,0.000000,1.000000,0.450520,0.137425,0.193814
0.000000,0.000000,0.000000,0.000000,1.000000,0.458421,0.146458
0.000000,0.000000,0.000000,0.000000,0.000000,1.000000,0.466252
0.000000,0.000000,0.000000,0.000000,0.000000,0.000000,1.000000
1.000000,0.565583,0.333552,0.393717,0.457442,0.446663,0.428594
0.000000,1.000000,0.577315,0.344531,0.403987,0.469660,0.456286
0.000000,0.000000,1.000000,0.588447,0.356799,0.414892,0.482173
0.000000,0.000000,0.000000,1.000000,0.598244,0.369337,0.424400
0.000000,0.000000,0.000000,0.000000,1.000000,0.607384,0.381463
0.000000,0.000000,0.000000,0.000000,0.000000,1.000000,0.615523
0.000000,0.000000,0.000000,0.000000,0.000000,0.000000,1.000000
1.000000,0.736554,0.576905,0.649375,0.693492,0.610960,0.597363
0.000000,1.000000,0.736159,0.580427,0.652111,0.692672,0.609369
0.000000,0.000000,1.000000,0.739573,0.584138,0.650845,0.691396
0.000000,0.000000,0.000000,1.000000,0.741101,0.586312,0.655748
0.000000,0.000000,0.000000,0.000000,1.000000,0.742483,0.591256
0.000000,0.000000,0.000000,0.000000,0.000000,1.000000,0.741893
0.000000,0.000000,0.000000,0.000000,0.000000,0.000000,1.000000
1.000000,0.681063,0.555545,0.590108,0.571535,0.574960,0.555798
0.000000,1.000000,0.686107,0.566472,0.597092,0.579720,0.584756
0.000000,0.000000,1.000000,0.695777,0.572677,0.606072,0.587947
0.000000,0.000000,0.000000,1.000000,0.704120,0.581237,0.615380
0.000000,0.000000,0.000000,0.000000,1.000000,0.711136,0.588941
0.000000,0.000000,0.000000,0.000000,0.000000,1.000000,0.718945
0.000000,0.000000,0.000000,0.000000,0.000000,0.000000,1.000000
1.000000,0.429970,0.000000,0.119859,0.194011,0.100966,0.000000
0.000000,1.000000,0.433111,0.000000,0.127103,0.204132,0.106807
0.000000,0.000000,1.000000,0.435126,0.000000,0.137412,0.209105
0.000000,0.000000,0.000000,1.000000,0.439928,0.068134,0.141452
0.000000,0.000000,0.000000,0.000000,1.000000,0.448378,0.077495
0.000000,0.000000,0.000000,0.000000,0.000000,1.000000,0.455946
0.000000,0.000000,0.000000,0.000000,0.000000,0.000000,1.000000
1.000000,0.653352,0.484254,0.488534,0.423214,0.430689,0.481958
0.000000,1.000000,0.652600,0.483698,0.488258,0.422126,0.429281
0.000000,0.000000,1.000000,0.651073,0.482272,0.485352,0.420940
0.000000,0.000000,0.000000,1.000000,0.650958,0.479832,0.482405
0.000000,0.000000,0.000000,0.000000,1.000000,0.649752,0.476659
0.000000,0.000000,0.000000,0.000000,0.000000,1.000000,0.648269
0.000000,0.000000,0.000000,0.000000,0.000000,0.000000,1.000000
1.000000,0.445785,0.106728,0.223558,0.313590,0.168549,0.000000
0.000000,1.000000,0.454488,0.113399,0.230332,0.322786,0.179456
0.000000,0.000000,1.000000,0.453829,0.115769,0.235200,0.327434
0.000000,0.000000,0.000000,1.000000,0.451627,0.114599,0.233473
0.000000,0.000000,0.000000,0.000000,1.000000,0.452617,0.115591
0.000000,0.000000,0.000000,0.000000,0.000000,1.000000,0.455510
0.000000,0.000000,0.000000,0.000000,0.000000,0.000000,1.000000
1.000000,0.467576,0.143390,0.262497,0.297970,0.179346,0.192205
0.000000,1.000000,0.465160,0.148038,0.267725,0.298760,0.173759
0.000000,0.000000,1.000000,0.467545,0.152305,0.265253,0.291776
0.000000,0.000000,0.000000,1.000000,0.474850,0.157971,0.265157
0.000000,0.000000,0.000000,0.000000,1.000000,0.478481,0.159541
0.000000,0.000000,0.000000,0.000000,0.000000,1.000000,0.474133
0.000000,0.000000,0.000000,0.000000,0.000000,0.000000,1.000000
1.000000,0.376800,0.076766,0.293627,0.290939,0.101457,0.000000
0.000000,1.000000,0.387031,0.092474,0.302290,0.296901,0.115694
0.000000,0.000000,1.000000,0.398109,0.107112,0.312227,0.309748
0.000000,0.000000,0.000000,1.000000,0.408891,0.121818,0.325428
0.000000,0.000000,0.000000,0.000000,1.000000,0.414871,0.137275
0.000000,0.000000,0.000000,0.000000,0.000000,1.000000,0.427291
0.000000,0.000000,0.000000,0.000000,0.000000,0.000000,1.000000
1.000000,0.928122,0.891924,0.899631,0.893329,0.872975,0.855270
0.000000,1.000000,0.928554,0.892646,0.900387,0.893708,0.873155
0.000000,0.000000,1.000000,0.929192,0.892897,0.900595,0.893576
0.000000,0.000000,0.000000,1.000000,0.929083,0.892791,0.900518
0.000000,0.000000,0.000000,0.000000,1.000000,0.929207,0.893109
0.000000,0.000000,0.000000,0.000000,0.000000,1.000000,0.929355
0.000000,0.000000,0.000000,0.000000,0.000000,0.000000,1.000000
1.000000,0.524589,0.224302,0.270975,0.364821,0.377206,0.245841
0.000000,1.000000,0.531647,0.236727,0.285854,0.378202,0.385974
0.000000,0.000000,1.000000,0.539145,0.248249,0.296784,0.385710
0.000000,0.000000,0.000000,1.000000,0.547082,0.258901,0.304073
0.000000,0.000000,0.000000,0.000000,1.000000,0.552284,0.263771
0.000000,0.000000,0.000000,0.000000,0.000000,1.000000,0.555789
0.000000,0.000000,0.000000,0.000000,0.000000,0.000000,1.000000
1.000000,0.278771,0.000000,0.105232,0.153453,0.000000,0.000000
0.000000,1.000000,0.281749,0.000000,0.110919,0.156767,0.000000
-0.084228,0.000000,1.000000,0.296098,0.000000,0.115887,0.169936
0.000000,-0.065363,0.000000,1.000000,0.311915,0.000000,0.131433
0.000000,0.000000,0.000000,0.000000,1.000000,0.319574,0.000000
0.000000,0.000000,0.000000,0.000000,0.000000,1.000000,0.332392
-0.118338,0.000000,0.000000,0.000000,0.000000,0.000000,1.000000
1.000000,0.366662,0.134567,0.377244,0.401664,0.348689,0.289888
0.000000,1.000000,0.379819,0.152662,0.387248,0.419266,0.358698
0.000000,0.000000,1.000000,0.394958,0.167210,0.400447,0.432443
0.000000,0.000000,0.000000,1.000000,0.408999,0.180269,0.412269
0.000000,0.000000,0.000000,0.000000,1.000000,0.423187,0.194788
0.000000,0.000000,0.000000,0.000000,0.000000,1.000000,0.437357
0.000000,0.000000,0.000000,0.000000,0.000000,0.000000,1.000000
1.000000,0.529779,0.342424,0.512885,0.427570,0.380202,0.369009
0.000000,1.000000,0.544128,0.351043,0.518521,0.437670,0.389229
0.000000,0.000000,1.000000,0.551758,0.362943,0.523992,0.445240
0.000000,0.000000,0.000000,1.000000,0.557424,0.366905,0.524223
0.000000,0.000000,0.000000,0.000000,1.000000,0.563803,0.373561
0.000000,0.000000,0.000000,0.000000,0.000000,1.000000,0.566664
0.000000,0.000000,0.000000,0.000000,0.000000,0.000000,1.000000
1.000000,0.479384,0.223216,0.259801,0.289751,0.264786,0.224601
0.000000,1.000000,0.487057,0.229944,0.265583,0.294429,0.269104
0.000000,0.000000,1.000000,0.494459,0.240561,0.276011,0.304870
0.000000,0.000000,0.000000,1.000000,0.497984,0.245366,0.280409
0.000000,0.000000,0.000000,0.000000,1.000000,0.500562,0.249542
0.000000,0.000000,0.000000,0.000000,0.000000,1.000000,0.501718
0.000000,0.000000,0.000000,0.000000,0.000000,0.000000,1.000000
1.000000,0.675386,0.578345,0.644015,0.591428,0.597303,0.624167
0.000000,1.000000,0.677639,0.579212,0.643840,0.593153,0.599556
0.000000,0.000000,1.000000,0.680208,0.583232,0.643015,0.593568
0.000000,0.000000,0.000000,1.000000,0.682861,0.584309,0.642195
0.000000,0.000000,0.000000,0.000000,1.000000,0.685615,0.587201
0.000000,0.000000,0.000000,0.000000,0.000000,1.000000,0.686610
0.000000,0.000000,0.000000,0.000000,0.000000,0.000000,1.000000
1.000000,0.481354,0.281292,0.351306,0.338188,0.216176,0.120032
0.000000,1.000000,0.481788,0.285423,0.359592,0.343636,0.217287
0.000000,0.000000,1.000000,0.481458,0.287122,0.361570,0.344475
0.000000,0.000000,0.000000,1.000000,0.483741,0.285544,0.360151
0.000000,0.000000,0.000000,0.000000,1.000000,0.481877,0.276686
0.000000,0.000000,0.000000,0.000000,0.000000,1.000000,0.475446
0.000000,0.000000,0.000000,0.000000,0.000000,0.000000,1.000000
1.000000,0.312318,0.000000,0.168451,0.206586,0.134405,0.000000
0.000000,1.000000,0.318208,0.000000,0.186502,0.210148,0.139927
0.000000,0.000000,1.000000,0.329490,0.000000,0.192985,0.218688
0.000000,0.000000,0.000000,1.000000,0.330029,0.000000,0.207702
0.000000,0.000000,0.000000,0.000000,1.000000,0.339613,0.000000
0.000000,0.000000,0.000000,0.000000,0.000000,1.000000,0.347541
0.000000,0.000000,0.000000,0.000000,0.000000,0.000000,1.000000
1.000000,0.313207,0.000000,0.137949,0.189146,0.000000,0.000000
0.000000,1.000000,0.314409,0.000000,0.138137,0.187646,0.062618
0.000000,0.000000,1.000000,0.313749,0.000000,0.137057,0.186982
0.000000,0.000000,0.000000,1.000000,0.311657,0.000000,0.134054
0.000000,0.000000,0.000000,0.000000,1.000000,0.313375,0.000000
0.000000,0.000000,0.000000,0.000000,0.000000,1.000000,0.311429
-0.127385,0.000000,0.000000,0.000000,0.000000,0.000000,1.000000
1.000000,0.652944,0.474064,0.433316,0.449431,0.426920,0.367283
0.000000,1.000000,0.657875,0.480768,0.441324,0.449070,0.423939
0.000000,0.000000,1.000000,0.655072,0.479223,0.440898,0.443695
0.000000,0.000000,0.000000,1.000000,0.654947,0.475692,0.432456
0.000000,0.000000,0.000000,0.000000,1.000000,0.652955,0.462637
0.000000,0.000000,0.000000,0.000000,0.000000,1.000000,0.651694
0.000000,0.000000,0.000000,0.000000,0.000000,0.000000,1.000000
1.000000,0.713828,0.621473,0.751736,0.741372,0.639271,0.624279
0.000000,1.000000,0.710264,0.612263,0.748609,0.735401,0.633338
0.000000,0.000000,1.000000,0.705702,0.606445,0.745151,0.731569
0.000000,0.000000,0.000000,1.000000,0.695102,0.601028,0.740873
0.000000,0.000000,0.000000,0.000000,1.000000,0.686643,0.594861
0.000000,0.000000,0.000000,0.000000,0.000000,1.000000,0.680182
0.000000,0.000000,0.000000,0.000000,0.000000,0.000000,1.000000
1.000000,0.585978,0.477351,0.472271,0.475254,0.437045,0.389457
0.000000,1.000000,0.589076,0.481835,0.476141,0.479316,0.447229
0.000000,0.000000,1.000000,0.590741,0.484312,0.479650,0.490407
0.000000,0.000000,0.000000,1.000000,0.591936,0.488495,0.491415
0.000000,0.000000,0.000000,0.000000,1.000000,0.594364,0.500370
0.000000,0.000000,0.000000,0.000000,0.000000,1.000000,0.603220
0.000000,0.000000,0.000000,0.000000,0.000000,0.000000,1.000000
1.000000,0.638577,0.441397,0.399609,0.461549,0.516434,0.552136
0.000000,1.000000,0.647152,0.449709,0.409774,0.472520,0.524841
0.000000,0.000000,1.000000,0.656096,0.458374,0.416765,0.481364
0.000000,0.000000,0.000000,1.000000,0.663018,0.469700,0.426230
0.000000,0.000000,0.000000,0.000000,1.000000,0.669246,0.478325
0.000000,0.000000,0.000000,0.000000,0.000000,1.000000,0.675363
0.000000,0.000000,0.000000,0.000000,0.000000,0.000000,1.000000
1.000000,0.491471,0.159615,0.170839,0.222747,0.228103,0.107856
0.000000,1.000000,0.499304,0.165669,0.173881,0.229675,0.229586
0.000000,0.000000,1.000000,0.505991,0.178728,0.180340,0.236368
0.000000,0.000000,0.000000,1.000000,0.512777,0.188852,0.184761
0.000000,0.000000,0.000000,0.000000,1.000000,0.522525,0.193630
0.000000,0.000000,0.000000,0.000000,0.000000,1.000000,0.528941
0.000000,0.000000,0.000000,0.000000,0.000000,0.000000,1.000000
1.000000,0.415230,0.000000,0.000000,0.000000,0.171650,0.179804
0.000000,1.000000,0.421053,0.000000,0.000000,0.000000,0.176147
0.000000,0.000000,1.000000,0.429569,0.000000,0.000000,0.000000
0.000000,0.000000,0.000000,1.000000,0.436355,0.000000,0.000000
0.000000,0.000000,0.000000,0.000000,1.000000,0.442260,0.000000
0.000000,0.000000,0.000000,0.000000,0.000000,1.000000,0.447846
0.000000,0.000000,0.000000,0.000000,0.000000,0.000000,1.000000
1.000000,0.557972,0.284457,0.391065,0.488264,0.440855,0.324856
0.000000,1.000000,0.554656,0.280518,0.387832,0.485469,0.434048
0.000000,0.000000,1.000000,0.552136,0.276947,0.384569,0.479827
0.000000,0.000000,0.000000,1.000000,0.550721,0.273277,0.376191
0.000000,0.000000,0.000000,0.000000,1.000000,0.547963,0.263468
0.000000,0.000000,0.000000,0.000000,0.000000,1.000000,0.541313
0.000000,0.000000,0.000000,0.000000,0.000000,0.000000,1.000000
1.000000,0.765346,0.659681,0.722298,0.707352,0.610442,0.558105
0.000000,1.000000,0.766759,0.663036,0.724762,0.709598,0.615072
0.000000,0.000000,1.000000,0.769501,0.666300,0.726489,0.713843
0.000000,0.000000,0.000000,1.000000,0.772151,0.669995,0.729557
0.000000,0.000000,0.000000,0.000000,1.000000,0.774667,0.673837
0.000000,0.000000,0.000000,0.000000,0.000000,1.000000,0.777725
0.000000,0.000000,0.000000,0.000000,0.000000,0.000000,1.000000
1.000000,0.627759,0.359447,0.385250,0.414204,0.349203,0.257667
0.000000,1.000000,0.637361,0.370183,0.394741,0.424265,0.360081
0.000000,0.000000,1.000000,0.648123,0.388355,0.411070,0.442018
0.000000,0.000000,0.000000,1.000000,0.654568,0.396348,0.418284
0.000000,0.000000,0.000000,0.000000,1.000000,0.657087,0.397999
0.000000,0.000000,0.000000,0.000000,0.000000,1.000000,0.659290
0.000000,0.000000,0.000000,0.000000,0.000000,0.000000,1.000000
1.000000,0.733319,0.534330,0.525257,0.533923,0.553537,0.553038
0.000000,1.000000,0.740153,0.547635,0.533900,0.542439,0.560541
0.000000,0.000000,1.000000,0.746228,0.556743,0.542850,0.551814
0.000000,0.000000,0.000000,1.000000,0.751975,0.565411,0.552777
0.000000,0.000000,0.000000,0.000000,1.000000,0.756358,0.573009
0.000000,0.000000,0.000000,0.000000,0.000000,1.000000,0.760796
0.000000,0.000000,0.000000,0.000000,0.000000,0.000000,1.000000
1.000000,0.581517,0.329953,0.426621,0.499052,0.381918,0.270624
0.000000,1.000000,0.592449,0.344218,0.437682,0.509266,0.393642
0.000000,0.000000,1.000000,0.596663,0.356586,0.447070,0.522416
0.000000,0.000000,0.000000,1.000000,0.604991,0.366387,0.460218
0.000000,0.000000,0.000000,0.000000,1.000000,0.612216,0.378668
0.000000,0.000000,0.000000,0.000000,0.000000,1.000000,0.620307
0.000000,0.000000,0.000000,0.000000,0.000000,0.000000,1.000000
1.000000,0.660331,0.390145,0.401335,0.441486,0.397673,0.360706
0.000000,1.000000,0.664013,0.396561,0.405540,0.445545,0.410315
0.000000,0.000000,1.000000,0.667848,0.403109,0.412585,0.455276
0.000000,0.000000,0.000000,1.000000,0.670986,0.409813,0.422545
0.000000,0.000000,0.000000,0.000000,1.000000,0.673789,0.422119
0.000000,0.000000,0.000000,0.000000,0.000000,1.000000,0.683096
0.000000,0.000000,0.000000,0.000000,0.000000,0.000000,1.000000
1.000000,0.699676,0.531237,0.551958,0.561926,0.526442,0.427032
0.000000,1.000000,0.697533,0.529604,0.553475,0.561851,0.525382
0.000000,0.000000,1.000000,0.696114,0.527678,0.550886,0.559971
0.000000,0.000000,0.000000,1.000000,0.694349,0.525866,0.550289
0.000000,0.000000,0.000000,0.000000,1.000000,0.695724,0.526592
0.000000,0.000000,0.000000,0.000000,0.000000,1.000000,0.694774
0.000000,0.000000,0.000000,0.000000,0.000000,0.000000,1.000000
1.000000,0.538040,0.310686,0.472881,0.550053,0.465992,0.399176
0.000000,1.000000,0.546099,0.328062,0.484741,0.563108,0.479551
0.000000,0.000000,1.000000,0.559252,0.343928,0.498634,0.577904
0.000000,0.000000,0.000000,1.000000,0.567446,0.354164,0.507637
0.000000,0.000000,0.000000,0.000000,1.000000,0.575232,0.364872
0.000000,0.000000,0.000000,0.000000,0.000000,1.000000,0.582443
0.000000,0.000000,0.000000,0.000000,0.000000,0.000000,1.000000
1.000000,0.738937,0.591523,0.654373,0.636659,0.562246,0.504084
0.000000,1.000000,0.738441,0.589823,0.651247,0.635067,0.560613
0.000000,0.000000,1.000000,0.736951,0.587116,0.649199,0.633488
0.000000,0.000000,0.000000,1.000000,0.732510,0.585689,0.647895
0.000000,0.000000,0.000000,0.000000,1.000000,0.728812,0.582629
0.000000,0.000000,0.000000,0.000000,0.000000,1.000000,0.727834
0.000000,0.000000,0.000000,0.000000,0.000000,0.000000,1.000000
1.000000,0.397402,0.086904,0.188137,0.376224,0.396885,0.297811
0.000000,1.000000,0.404950,0.090671,0.186131,0.382010,0.400923
0.000000,0.000000,1.000000,0.409951,0.096087,0.200237,0.391801
0.000000,0.000000,0.000000,1.000000,0.406189,0.093722,0.200034
0.000000,0.000000,0.000000,0.000000,1.000000,0.395972,0.086407
0.000000,0.000000,0.000000,0.000000,0.000000,1.000000,0.394231
0.000000,0.000000,0.000000,0.000000,0.000000,0.000000,1.000000
1.000000,0.570934,0.315523,0.342728,0.355859,0.292598,0.209625
0.000000,1.000000,0.577477,0.322619,0.352208,0.364472,0.300134
0.000000,0.000000,1.000000,0.582815,0.332959,0.359920,0.372123
0.000000,0.000000,0.000000,1.000000,0.589599,0.338405,0.363108
0.000000,0.000000,0.000000,0.000000,1.000000,0.596468,0.348247
0.000000,0.000000,0.000000,0.000000,0.000000,1.000000,0.599572
0.000000,0.000000,0.000000,0.000000,0.000000,0.000000,1.000000
1.000000,0.594095,0.362283,0.430345,0.486116,0.457059,0.310759
0.000000,1.000000,0.597706,0.367276,0.435541,0.491475,0.463562
0.000000,0.000000,1.000000,0.598878,0.369290,0.437853,0.496718
0.000000,0.000000,0.000000,1.000000,0.599473,0.370064,0.442695
0.000000,0.000000,0.000000,0.000000,1.000000,0.600026,0.375506
0.000000,0.000000,0.000000,0.000000,0.000000,1.000000,0.604380
0.000000,0.000000,0.000000,0.000000,0.000000,0.000000,1.000000
1.000000,0.358600,0.000000,0.105830,0.094384,0.000000,0.000000
0.000000,1.000000,0.371434,0.000000,0.118712,0.107777,0.000000
0.000000,0.000000,1.000000,0.383649,0.000000,0.131568,0.120685
0.000000,0.000000,0.000000,1.000000,0.397810,0.000000,0.149406
0.000000,0.000000,0.000000,0.000000,1.000000,0.410457,0.000000
0.000000,0.000000,0.000000,0.000000,0.000000,1.000000,0.413097
-0.071492,0.000000,0.000000,0.000000,0.000000,0.000000,1.000000
1.000000,0.522158,0.206801,0.230380,0.310663,0.272634,0.236697
0.000000,1.000000,0.532476,0.219956,0.243505,0.323612,0.286299
0.000000,0.000000,1.000000,0.535342,0.236385,0.248960,0.327005
0.000000,0.000000,0.000000,1.000000,0.548568,0.242291,0.250562
0.000000,0.000000,0.000000,0.000000,1.000000,0.561435,0.258522
0.000000,0.000000,0.000000,0.000000,0.000000,1.000000,0.564909
0.000000,0.000000,0.000000,0.000000,0.000000,0.000000,1.000000
1.000000,0.522609,0.305333,0.333176,0.292534,0.263437,0.240721
0.000000,1.000000,0.524918,0.309017,0.341302,0.296078,0.267659
0.000000,0.000000,1.000000,0.529115,0.317192,0.346170,0.301222
0.000000,0.000000,0.000000,1.000000,0.536147,0.321626,0.351809
0.000000,0.000000,0.000000,0.000000,1.000000,0.542806,0.329097
0.000000,0.000000,0.000000,0.000000,0.000000,1.000000,0.547180
0.000000,0.000000,0.000000,0.000000,0.000000,0.000000,1.000000
1.000000,0.737281,0.586847,0.623327,0.564369,0.494067,0.448016
0.000000,1.000000,0.738918,0.588521,0.623198,0.563815,0.492569
0.000000,0.000000,1.000000,0.741435,0.590487,0.624730,0.564692
0.000000,0.000000,0.000000,1.000000,0.742811,0.592147,0.625872
0.000000,0.000000,0.000000,0.000000,1.000000,0.743174,0.592170
0.000000,0.000000,0.000000,0.000000,0.000000,1.000000,0.743307
0.000000,0.000000,0.000000,0.000000,0.000000,0.000000,1.000000
1.000000,0.485799,0.195649,0.217750,0.261383,0.258426,0.273474
0.000000,1.000000,0.479285,0.186504,0.211172,0.254592,0.257937
0.000000,0.000000,1.000000,0.471475,0.175837,0.206472,0.258739
0.000000,0.000000,0.000000,1.000000,0.461444,0.167347,0.212066
0.000000,0.000000,0.000000,0.000000,1.000000,0.453242,0.167319
0.000000,0.000000,0.000000,0.000000,0.000000,1.000000,0.459158
0.000000,0.000000,0.000000,0.000000,0.000000,0.000000,1.000000
1.000000,0.537207,0.451234,0.605525,0.547464,0.430040,0.369844
0.000000,1.000000,0.545599,0.463188,0.609223,0.550833,0.433542
0.000000,0.000000,1.000000,0.555593,0.471851,0.617024,0.559349
0.000000,0.000000,0.000000,1.000000,0.565612,0.482588,0.627258
0.000000,0.000000,0.000000,0.000000,1.000000,0.565900,0.482558
0.000000,0.000000,0.000000,0.000000,0.000000,1.000000,0.565214
0.000000,0.000000,0.000000,0.000000,0.000000,0.000000,1.000000
1.000000,0.588098,0.318886,0.355361,0.428280,0.401135,0.302334
0.000000,1.000000,0.595333,0.329554,0.365068,0.441093,0.411874
0.000000,0.000000,1.000000,0.599924,0.337689,0.382577,0.448796
0.000000,0.000000,0.000000,1.000000,0.602378,0.360172,0.393202
0.000000,0.000000,0.000000,0.000000,1.000000,0.620630,0.372588
0.000000,0.000000,0.000000,0.000000,0.000000,1.000000,0.635088
0.000000,0.000000,0.000000,0.000000,0.000000,0.000000,1.000000
1.000000,0.535460,0.244164,0.310583,0.426984,0.313501,0.126121
0.000000,1.000000,0.536345,0.255650,0.333000,0.434736,0.316279
0.000000,0.000000,1.000000,0.544913,0.277453,0.342191,0.437573
0.000000,0.000000,0.000000,1.000000,0.557224,0.292006,0.353006
0.000000,0.000000,0.000000,0.000000,1.000000,0.569535,0.312353
0.000000,0.000000,0.000000,0.000000,0.000000,1.000000,0.576371
0.000000,0.000000,0.000000,0.000000,0.000000,0.000000,1.000000
1.000000,0.756160,0.604501,0.607661,0.603127,0.595621,0.573228
0.000000,1.000000,0.761658,0.613369,0.617405,0.610798,0.602062
0.000000,0.000000,1.000000,0.766248,0.620408,0.623586,0.617864
0.000000,0.000000,0.000000,1.000000,0.770037,0.626370,0.630420
0.000000,0.000000,0.000000,0.000000,1.000000,0.773484,0.633282
0.000000,0.000000,0.000000,0.000000,0.000000,1.000000,0.777146
0.000000,0.000000,0.000000,0.000000,0.000000,0.000000,1.000000
1.000000,0.327982,0.133597,0.270388,0.350609,0.221311,0.140535
0.000000,1.000000,0.352451,0.158702,0.277937,0.373773,0.235669
0.000000,0.000000,1.000000,0.360101,0.181075,0.281021,0.385231
0.000000,0.000000,0.000000,1.000000,0.380375,0.189775,0.294467
0.000000,0.000000,0.000000,0.000000,1.000000,0.400797,0.204336
0.000000,0.000000,0.000000,0.000000,0.000000,1.000000,0.411935
0.000000,0.000000,0.000000,0.000000,0.000000,0.000000,1.000000
1.000000,0.438023,0.138303,0.148376,0.148437,0.154001,0.168460
0.000000,1.000000,0.448373,0.144359,0.159931,0.160896,0.165259
0.000000,0.000000,1.000000,0.455811,0.160260,0.171304,0.169058
0.000000,0.000000,0.000000,1.000000,0.456481,0.165796,0.173254
0.000000,0.000000,0.000000,0.000000,1.000000,0.466246,0.176586
0.000000,0.000000,0.000000,0.000000,0.000000,1.000000,0.474078
0.000000,0.000000,0.000000,0.000000,0.000000,0.000000,1.000000
1.000000,0.545296,0.222966,0.350431,0.501400,0.355507,0.221336
0.000000,1.000000,0.555139,0.235970,0.359655,0.509138,0.365007
0.000000,0.000000,1.000000,0.563812,0.249378,0.371975,0.519017
0.000000,0.000000,0.000000,1.000000,0.571361,0.260671,0.382253
0.000000,0.000000,0.000000,0.000000,1.000000,0.577195,0.269801
0.000000,0.000000,0.000000,0.000000,0.000000,1.000000,0.582397
0.000000,0.000000,0.000000,0.000000,0.000000,0.000000,1.000000
1.000000,0.452755,0.186731,0.242496,0.230638,0.206212,0.117831
0.000000,1.000000,0.448960,0.179080,0.241003,0.235912,0.200520
0.000000,0.000000,1.000000,0.446084,0.171997,0.238968,0.236432
0.000000,0.000000,0.000000,1.000000,0.437037,0.168479,0.239046
0.000000,0.000000,0.000000,0.000000,1.000000,0.442072,0.162652
0.000000,0.000000,0.000000,0.000000,0.000000,1.000000,0.435913
0.000000,0.000000,0.000000,0.000000,0.000000,0.000000,1.000000
1.000000,0.524671,0.203783,0.246927,0.237172,0.226042,0.152010
0.000000,1.000000,0.536619,0.221461,0.262065,0.251935,0.238296
0.000000,0.000000,1.000000,0.540783,0.232445,0.273334,0.267480
0.000000,0.000000,0.000000,1.000000,0.547173,0.242706,0.289275
0.000000,0.000000,0.000000,0.000000,1.000000,0.554478,0.257228
0.000000,0.000000,0.000000,0.000000,0.000000,1.000000,0.564429
0.000000,0.000000,0.000000,0.000000,0.000000,0.000000,1.000000
1.000000,0.482704,0.166510,0.243143,0.226894,0.209310,0.118648
0.000000,1.000000,0.481993,0.170386,0.243857,0.229539,0.213077
0.000000,0.000000,1.000000,0.490677,0.183684,0.250876,0.243030
0.000000,0.000000,0.000000,1.000000,0.498832,0.193853,0.260299
0.000000,0.000000,0.000000,0.000000,1.000000,0.509616,0.202910
0.000000,0.000000,0.000000,0.000000,0.000000,1.000000,0.519110
0.000000,0.000000,0.000000,0.000000,0.000000,0.000000,1.000000
1.000000,0.724286,0.552203,0.576907,0.572530,0.574760,0.540332
0.000000,1.000000,0.726044,0.559204,0.578666,0.574132,0.573923
0.000000,0.000000,1.000000,0.732120,0.564087,0.584920,0.577159
0.000000,0.000000,0.000000,1.000000,0.736485,0.571407,0.591655
0.000000,0.000000,0.000000,0.000000,1.000000,0.738571,0.573563
0.000000,0.000000,0.000000,0.000000,0.000000,1.000000,0.738873
0.000000,0.000000,0.000000,0.000000,0.000000,0.000000,1.000000
1.000000,0.665274,0.500349,0.484460,0.444020,0.453885,0.445149
0.000000,1.000000,0.668740,0.499906,0.488621,0.444664,0.452603
0.000000,0.000000,1.000000,0.670810,0.505895,0.492232,0.445283
0.000000,0.000000,0.000000,1.000000,0.672114,0.504317,0.487982
0.000000,0.000000,0.000000,0.000000,1.000000,0.674216,0.505083
0.000000,0.000000,0.000000,0.000000,0.000000,1.000000,0.671818
0.000000,0.000000,0.000000,0.000000,0.000000,0.000000,1.000000
